Top-k confidence per step:,
0.03312663361430168,
0.04906144738197327,
0.4048933982849121,
0.6305174827575684,
0.055841222405433655,
0.0964086577296257,
0.082027368247509,
0.11056685447692871,
0.31745731830596924,
0.06965355575084686,
0.0908096507191658,
0.28014957904815674,
0.06956297904253006,
0.4189387261867523,
0.16575108468532562,
0.11541133373975754,
0.20397116243839264,
0.2579212188720703,
0.20974032580852509,
0.3032079339027405,
0.29882049560546875,
0.25990787148475647,
0.19929659366607666,
0.30540794134140015,
0.1409340649843216,
0.13422034680843353,
0.08244820684194565,
0.19677171111106873,
0.3432424068450928,
0.9059016704559326,
0.9912648797035217,
0.10359187424182892,
0.13954545557498932,
0.1536010056734085,
0.28602108359336853,
0.28321704268455505,
0.15000876784324646,
0.1115192249417305,
0.4719250202178955,
0.5150946974754333,
0.4838389456272125,
0.14069688320159912,
0.3587440252304077,
0.10498791188001633,
0.06000159680843353,
0.15545688569545746,
0.13487014174461365,
0.2741946876049042,
0.17080283164978027,
0.31837546825408936,
0.08354538679122925,
0.23622019588947296,
0.0734727755188942,
0.448263943195343,
0.05724631994962692,
0.13115300238132477,
0.2317524403333664,
0.098005011677742,
0.2119707614183426,
0.16367006301879883,
0.08553801476955414,
0.27011850476264954,
0.17577336728572845,
0.073456771671772,
0.1427358090877533,
0.21011734008789062,
0.2824994623661041,
0.14521756768226624,
0.27844834327697754,
0.7691466808319092,
0.1297905147075653,
0.40966469049453735,
0.36237552762031555,
0.06812115013599396,
0.3110276758670807,
0.056686606258153915,
0.8057823181152344,
0.24631106853485107,
0.9802095890045166,
0.9602577090263367,
0.9807511568069458,
0.9964955449104309,
0.9882633686065674,
0.9887131452560425,
0.9697713851928711,
0.908963143825531,
0.7923201322555542,
0.8629447221755981,
0.711683988571167,
0.5400055050849915,
0.30444636940956116,
0.21285992860794067,
0.18981467187404633,
0.1281493753194809,
0.11218997836112976,
0.24071262776851654,
0.06628365814685822,
0.06829511374235153,
0.07691621780395508,
0.17421387135982513,
0.14061038196086884,
0.46690258383750916,
0.3091660737991333,
0.9640322923660278,
0.2642192244529724,
0.3692098557949066,
0.8739424347877502,
0.15862417221069336,
0.23529158532619476,
0.15338990092277527,
0.9858469367027283,
0.17307384312152863,
0.5177137851715088,
0.25338616967201233,
0.19588139653205872,
0.6868449449539185,
0.7004345655441284,
0.3761290907859802,
0.4316317141056061,
0.07095345854759216,
0.7197492122650146,
0.6931475400924683,
0.1686163693666458,
0.8419991135597229,
0.12629404664039612,
0.0466102659702301,
0.4697495996952057,
0.1365741640329361,
0.11913172155618668,
0.1804596483707428,
0.18453489243984222,
0.18953214585781097,
0.16974931955337524,
0.38923752307891846,
0.22704748809337616,
0.05353899672627449,
0.37024998664855957,
0.2700916826725006,
0.24431465566158295,
0.24921785295009613,
0.3215666711330414,
0.16253602504730225,
0.717156708240509,
0.5664952397346497,
0.4163484275341034,
0.080501027405262,
0.161239355802536,
0.22713758051395416,
0.2805701196193695,
0.1620076447725296,
0.16829095780849457,
0.974299430847168,
0.6957035064697266,
0.2974831759929657,
0.13145598769187927,
0.24481810629367828,
0.08715268969535828,
0.23094932734966278,
0.10320355743169785,
0.3193163573741913,
0.4459631145000458,
0.8320005536079407,
0.906633734703064,
0.986524224281311,
0.1854485124349594,
0.15658831596374512,
0.27549445629119873,
0.18556368350982666,
0.16003547608852386,
0.14038844406604767,
0.1506670117378235,
0.13499663770198822,
0.12664835155010223,
0.11116935312747955,
0.19337931275367737,
0.10304135084152222,
0.2407524287700653,
0.27448680996894836,
0.28612852096557617,
0.3087802827358246,
0.529620349407196,
0.393947958946228,
0.1537383496761322,
0.46258071064949036,
0.25824281573295593,
0.19291049242019653,
0.10749896615743637,
0.6694806814193726,
0.1192944198846817,
0.9702804088592529,
0.10603845119476318,
0.4902684986591339,
0.19929955899715424,
0.20560558140277863,
0.11451563984155655,
0.11745818704366684,
0.398218035697937,
0.337485671043396,
0.2141035497188568,
0.16881434619426727,
0.21806541085243225,
0.2310405969619751,
0.17128264904022217,
0.12296555936336517,
0.07671374082565308,
0.06426054239273071,
0.33042991161346436,
0.43908655643463135,
0.2583589553833008,
0.23995746672153473,
0.3250887393951416,
0.2491605281829834,
0.2682882845401764,
0.5887601375579834,
0.9674230217933655,
0.9264669418334961,
0.4346368610858917,
0.14305071532726288,
0.16367663443088531,
0.13091686367988586,
0.10956481099128723,
0.5383423566818237,
0.3177577555179596,
0.28225448727607727,
0.12472286075353622,
0.16826649010181427,
0.2095227688550949,
0.8126972317695618,
0.15426206588745117,
0.5563755035400391,
0.287437379360199,
0.2261330932378769,
0.12719105184078217,
0.3766661286354065,
0.11349561810493469,
0.10236061364412308,
0.20504844188690186,
0.49081525206565857,
0.3770918846130371,
0.1189688965678215,
0.4802778661251068,
0.6267431974411011,
0.0961020290851593,
0.1099926307797432,
0.9959033131599426,
0.35029515624046326,
0.5792199373245239,
0.2211809605360031,
0.13778594136238098,
0.07802228629589081,
0.3723980188369751,
0.30147865414619446,
0.19562415778636932,
0.3389787971973419,
0.11375518888235092,
0.3272620141506195,
0.12078647315502167,
0.11867844313383102,
0.11426626145839691,
0.29160743951797485,
0.836738646030426,
0.701884388923645,
0.970695972442627,
0.937673807144165,
0.07350078970193863,
0.19640646874904633,
0.460262656211853,
0.39636653661727905,
0.13279502093791962,
0.04898623749613762,
0.1385098546743393,
0.11059411615133286,
0.08667092025279999,
0.2522616684436798,
0.6705915331840515,
0.34733226895332336,
0.054476529359817505,
0.2593159079551697,
0.26271292567253113,
0.9859063625335693,
0.9610663652420044,
0.15902212262153625,
0.11994102597236633,
0.26755282282829285,
0.9915540814399719,
0.14127732813358307,
0.42216968536376953,
0.9587189555168152,
0.4842192828655243,
0.29054585099220276,
0.1567796766757965,
0.7238878011703491,
0.5433686375617981,
0.9643425941467285,
0.9988728165626526,
0.530174732208252,
0.1267845332622528,
0.9921790361404419,
0.1257122904062271,
0.30788642168045044,
0.7551225423812866,
0.17074134945869446,
0.7060866355895996,
0.16339658200740814,
0.12114740908145905,
0.1296403557062149,
0.37347719073295593,
0.1658650040626526,
0.2741978168487549,
0.5235154628753662,
0.09248824417591095,
0.2705870270729065,
0.5604928135871887,
0.12840904295444489,
0.17229418456554413,
0.33527135848999023,
0.24980610609054565,
0.6923848986625671,
0.5803278684616089,
0.159091979265213,
0.19042253494262695,
0.7873019576072693,
0.3285330533981323,
0.9827231168746948,
0.18376515805721283,
0.14919385313987732,
0.1159786507487297,
0.12730616331100464,
0.7726061344146729,
0.29323527216911316,
0.19144265353679657,
0.08504549413919449,
0.36933043599128723,
0.2236144244670868,
0.18206998705863953,
0.6990976333618164,
0.20387005805969238,
0.2051941603422165,
0.674059271812439,
0.2557223439216614,
0.10541235655546188,
0.9596164226531982,
0.9986862540245056,
0.10461267828941345,
0.96574467420578,
0.9914719462394714,
0.18684901297092438,
0.6891447305679321,
0.2260141372680664,
0.10040327161550522,
0.06288713961839676,
0.2438594251871109,
0.5049059391021729,
0.8971424102783203,
0.9377468824386597,
0.7526842355728149,
0.5871468186378479,
0.08574273437261581,
0.15809524059295654,
0.6185389757156372,
0.5301117300987244,
0.36925801634788513,
0.44600483775138855,
0.8323190808296204,
0.34181538224220276,
0.30811014771461487,
0.20059655606746674,
0.2918851673603058,
0.8484256863594055,
0.19061237573623657,
0.16967402398586273,
0.7341241240501404,
0.38112422823905945,
0.4957095980644226,
0.39409247040748596,
0.7271428108215332,
0.49175238609313965,
0.1393035352230072,
0.33833202719688416,
0.9856083393096924,
0.10250119864940643,
0.08915921300649643,
0.25127682089805603,
0.1460450291633606,
0.22884656488895416,
0.5014042854309082,
0.1859118640422821,
0.3129368722438812,
0.6917616128921509,
0.9773440957069397,
0.2285728007555008,
0.1712973415851593,
0.3607119619846344,
0.3470224440097809,
0.12145883589982986,
0.27217236161231995,
0.17637403309345245,
0.14545448124408722,
0.24304072558879852,
0.12920930981636047,
0.6039060354232788,
0.6000456809997559,
0.17843542993068695,
0.40678897500038147,
0.1677730232477188,
0.9986318945884705,
0.2646384537220001,
0.5751736760139465,
0.5151367783546448,
0.1637614667415619,
0.1718042492866516,
0.24062900245189667,
0.2909839451313019,
0.9243962168693542,
0.4582538902759552,
0.158957839012146,
0.7894116640090942,
0.4183410704135895,
0.0840391218662262,
0.5826970934867859,
0.28113213181495667,
0.1628577709197998,
0.9564032554626465,
0.1830214262008667,
0.22491510212421417,
0.24500985443592072,
0.7845842242240906,
0.35442492365837097,
0.16405585408210754,
0.23296794295310974,
0.43765002489089966,
0.6737772226333618,
0.34140288829803467,
0.32405370473861694,
0.1342981904745102,
0.11928603053092957,
0.43937015533447266,
0.5030893087387085,
0.4457470774650574,
0.36090612411499023,
0.393700510263443,
0.09681929647922516,
0.2574937641620636,
0.09973890334367752,
0.15967535972595215,
0.7419611811637878,
0.2873244285583496,
0.6785607933998108,
0.0710228830575943,
0.8431304693222046,
0.1875154972076416,
0.0952073261141777,
0.12768369913101196,
0.7022507190704346,
0.10272647440433502,
0.3260032832622528,
0.3855751156806946,
0.4483124911785126,
0.3436133563518524,
0.8121524453163147,
0.3051639199256897,
0.2685845196247101,
0.2119470238685608,
0.12712018191814423,
0.5605429410934448,
0.22863008081912994,
0.43292635679244995,
0.3240588307380676,
0.11391475796699524,
0.3462737798690796,
0.14614781737327576,
0.5541027784347534,
0.43337324261665344,
0.44283774495124817,
0.9659777879714966,
0.303101122379303,
0.47989100217819214,
0.2683050334453583,
0.3950513005256653,
0.7033460140228271,
0.1974695771932602,
0.5855076313018799,
0.8366718888282776,
0.17124199867248535,
0.711294412612915,
0.18038058280944824,
0.16041360795497894,
0.19079089164733887,
0.17122921347618103,
0.3515986502170563,
0.9683350324630737,
0.9974116683006287,
0.5333391427993774,
0.4621334671974182,
0.11903739720582962,
0.08288316428661346,
0.887171745300293,
0.9512932896614075,
0.18285642564296722,
0.9759989976882935,
0.06682469695806503,
0.7873830199241638,
0.97160404920578,
0.102508544921875,
0.12514950335025787,
0.09800101816654205,
0.4155004322528839,
0.8743420243263245,
0.06304146349430084,
0.3458632826805115,
0.45722925662994385,
0.30407872796058655,
0.21629975736141205,
0.07495470345020294,
0.1315663903951645,
0.39808133244514465,
0.5177385210990906,
0.4904809296131134,
0.7286391854286194,
0.19194307923316956,
0.8197330832481384,
0.6068115234375,
0.3825964629650116,
0.98691725730896,
0.39533743262290955,
0.7178912162780762,
0.9877342581748962,
0.9884738326072693,
0.9907587766647339,
0.9973703622817993,
0.9833569526672363,
0.9856018424034119,
0.9959801435470581,
0.9832983613014221,
0.5061345100402832,
0.2378249168395996,
0.4420493245124817,
0.3873935639858246,
0.19384746253490448,
0.3422372341156006,
0.24530109763145447,
0.15558497607707977,
0.29413968324661255,
0.22430066764354706,
0.25053536891937256,
0.1302974373102188,
0.22694295644760132,
0.42309319972991943,
0.6900396943092346,
0.3015156388282776,
0.8379341959953308,
0.34541505575180054,
0.4411008059978485,
0.2104116678237915,
0.11891229450702667,
0.11867120116949081,
0.3454558849334717,
0.9728613495826721,
0.16477620601654053,
0.3515753746032715,
0.7070894837379456,
0.11916955560445786,
0.9803337454795837,
0.9992129802703857,
0.44407570362091064,
0.31427323818206787,
0.9949702620506287,
0.13214483857154846,
0.379095196723938,
0.47274965047836304,
0.19103913009166718,
0.9390987157821655,
0.2283487617969513,
0.9370203614234924,
0.08333119750022888,
0.967616856098175,
0.1749720424413681,
0.08996492624282837,
0.17486965656280518,
0.06698588281869888,
0.2011251449584961,
0.12432356178760529,
0.2602871060371399,
0.9693292379379272,
0.11180951446294785,
0.08939822018146515,
0.2639550566673279,
0.9973904490470886,
0.24058283865451813,
0.24999189376831055,
0.29441314935684204,
0.13692083954811096,
0.11330939084291458,
0.9918495416641235,
0.45544591546058655,
0.433074414730072,
0.27815085649490356,
0.3038729429244995,
0.9960795044898987,
0.976898729801178,
0.7385818362236023,
0.7266934514045715,
0.6519601345062256,
0.1829809546470642,
0.07942081242799759,
0.15215066075325012,
0.6895639300346375,
0.2334696650505066,
0.3368193209171295,
0.9857634902000427,
0.9770864844322205,
0.09218405932188034,
0.7492856979370117,
0.22062861919403076,
0.855510950088501,
0.9856796860694885,
0.25333428382873535,
0.2872436046600342,
0.09483888000249863,
0.21448509395122528,
0.17468823492527008,
0.11946028470993042,
0.0816793292760849,
0.12517310678958893,
0.13614851236343384,
0.30225157737731934,
0.3112911880016327,
0.15738525986671448,
0.541191041469574,
0.39866653084754944,
0.17876817286014557,
0.15095339715480804,
0.1641755849123001,
0.08148370683193207,
0.4836592376232147,
0.2516171932220459,
0.11363039165735245,
0.23253826797008514,
0.37920570373535156,
0.7852681875228882,
0.17901639640331268,
0.10593074560165405,
0.26479801535606384,
0.552733302116394,
0.9294370412826538,
0.8343007564544678,
0.2247374802827835,
0.08573313057422638,
0.4125094711780548,
0.6246569156646729,
0.16803304851055145,
0.1387382447719574,
0.47406378388404846,
0.1532343477010727,
0.18919998407363892,
0.15962795913219452,
0.16679488122463226,
0.09676036238670349,
0.09768270701169968,
0.27819839119911194,
0.1780509352684021,
0.4301406443119049,
0.28899604082107544,
0.2705605924129486,
0.32242026925086975,
0.22442872822284698,
0.08339860290288925,
0.28596699237823486,
0.22528263926506042,
0.3605669140815735,
0.2135322093963623,
0.8104031085968018,
0.13641652464866638,
0.215999573469162,
0.2342720627784729,
0.5417274832725525,
0.9981949925422668,
0.14175383746623993,
0.0973365381360054,
0.7822561264038086,
0.17525562644004822,
0.13279247283935547,
0.09248033165931702,
0.07214521616697311,
0.1985267847776413,
0.1880817413330078,
0.2897462546825409,
0.16935767233371735,
0.19371411204338074,
0.4783377945423126,
0.1276334971189499,
0.7091565132141113,
0.30228516459465027,
0.6729680299758911,
0.5843575596809387,
0.4072389006614685,
0.1852179616689682,
0.45139065384864807,
0.1985376626253128,
0.18577715754508972,
0.1000971794128418,
0.3822995126247406,
0.44565993547439575,
0.05812457948923111,
0.09813777357339859,
0.19688880443572998,
0.456245481967926,
0.4222913086414337,
0.2368183732032776,
0.20285648107528687,
0.5515972375869751,
0.19484703242778778,
0.0814763754606247,
0.37481483817100525,
0.2647848129272461,
0.14972944557666779,
0.13391441106796265,
0.09347240626811981,
0.09504012018442154,
0.9916902780532837,
0.9969479441642761,
0.2949381470680237,
0.26484543085098267,
0.7759807705879211,
0.9989945292472839,
0.09136267751455307,
0.27075091004371643,
0.43195274472236633,
0.19348536431789398,
0.5549477338790894,
0.1351538896560669,
0.09006693214178085,
0.30186858773231506,
0.9984344840049744,
0.2747502326965332,
0.15545299649238586,
0.21855400502681732,
0.22653330862522125,
0.22488145530223846,
0.3163670003414154,
0.41892480850219727,
0.14116311073303223,
0.5592418909072876,
0.1892901211977005,
0.22136004269123077,
0.24972347915172577,
0.19521890580654144,
0.48775514960289,
0.15484392642974854,
0.341299831867218,
0.9769353866577148,
0.4020773768424988,
0.3585551083087921,
0.22149641811847687,
0.669731080532074,
0.22975653409957886,
0.3856870234012604,
0.12532228231430054,
0.10846962779760361,
0.5226010680198669,
0.10617052763700485,
0.8305321931838989,
0.11988600343465805,
0.5859327912330627,
0.1643136739730835,
0.2990144193172455,
0.4591365158557892,
0.7792029976844788,
0.8039774894714355,
0.6451128721237183,
0.9918851852416992,
0.980250895023346,
0.43973714113235474,
0.1313072144985199,
0.24788758158683777,
0.4322996139526367,
0.2930248975753784,
0.17951270937919617,
0.09295947849750519,
0.08179543912410736,
0.27091723680496216,
0.10815633833408356,
0.8572092652320862,
0.24182292819023132,
0.47204867005348206,
0.5104911923408508,
0.2930090129375458,
0.851442813873291,
0.26195603609085083,
0.11604943126440048,
0.2819189727306366,
0.359049528837204,
0.24359169602394104,
0.18978147208690643,
0.0888121947646141,
0.9998014569282532,
0.9997300505638123,
0.084821917116642,
0.27856916189193726,
0.9891365766525269,
0.6504826545715332,
0.24175772070884705,
0.15378673374652863,
0.8809629082679749,
0.9758833050727844,
0.9732480645179749,
0.16696038842201233,
0.1767369955778122,
0.7404864430427551,
0.11620399355888367,
0.1138509139418602,
0.8559250235557556,
0.10029969364404678,
0.25099503993988037,
0.8753422498703003,
0.20673608779907227,
0.13363952934741974,
0.9702997207641602,
0.3019922971725464,
0.18847469985485077,
0.4890275299549103,
0.5069520473480225,
0.9886506795883179,
0.9836525917053223,
0.2985658347606659,
0.16432753205299377,
0.21217331290245056,
0.8058297634124756,
0.6176916360855103,
0.11466766893863678,
0.8433974981307983,
0.09393753856420517,
0.9716936349868774,
0.4176769554615021,
0.4859551191329956,
0.13827432692050934,
0.3288520872592926,
0.31760174036026,
0.1981545090675354,
0.6186713576316833,
0.9844144582748413,
0.25160571932792664,
0.20068630576133728,
0.9892740845680237,
0.8030543923377991,
0.8412032127380371,
0.14477412402629852,
0.4105032682418823,
0.8019950985908508,
0.6151535511016846,
0.25776949524879456,
0.9937329888343811,
0.21116261184215546,
0.11724185943603516,
0.08311743289232254,
0.8339064717292786,
0.19713164865970612,
0.7977904081344604,
0.4864007830619812,
0.22877199947834015,
0.8803890943527222,
0.6894872784614563,
0.19762027263641357,
0.1110110655426979,
0.7151875495910645,
0.29477378726005554,
0.1927955001592636,
0.9606127142906189,
0.45258739590644836,
0.629418134689331,
0.933804452419281,
0.12413573265075684,
0.2056533247232437,
0.3061442971229553,
0.7282981276512146,
0.25443512201309204,
0.20445027947425842,
0.17554344236850739,
0.9970828890800476,
0.18994244933128357,
0.06936977803707123,
0.19771777093410492,
0.2512982487678528,
0.5029187798500061,
0.17585791647434235,
0.9282354712486267,
0.20777462422847748,
0.13372662663459778,
0.8043623566627502,
0.9131772518157959,
0.30451029539108276,
0.9977027773857117,
0.20154957473278046,
0.7181191444396973,
0.36058005690574646,
0.319475382566452,
0.46949926018714905,
0.5071989893913269,
0.181724414229393,
0.2519535720348358,
0.21959272027015686,
0.5318910479545593,
0.19194342195987701,
0.5132871866226196,
0.5818559527397156,
0.7437886595726013,
0.7316253781318665,
0.3196607530117035,
0.19779780507087708,
0.30727100372314453,
0.06646688282489777,
0.19297081232070923,
0.21560236811637878,
0.22743625938892365,
0.19342367351055145,
0.10201437771320343,
0.11576569080352783,
0.11554523557424545,
0.24064761400222778,
0.2166426032781601,
0.4764043688774109,
0.09949865937232971,
0.8365485072135925,
0.3013603985309601,
0.16953091323375702,
0.4300680458545685,
0.3817937672138214,
0.35023337602615356,
0.4281243085861206,
0.24006572365760803,
0.8267449140548706,
0.7423043251037598,
0.9592638611793518,
0.9891902208328247,
0.6534984707832336,
0.2181839942932129,
0.38792067766189575,
0.25183311104774475,
0.7803948521614075,
0.807074248790741,
0.2711701989173889,
0.16801996529102325,
0.24140223860740662,
0.1926039159297943,
0.9945567846298218,
0.13201171159744263,
0.43527713418006897,
0.20892009139060974,
0.5734102129936218,
0.41016602516174316,
0.30400392413139343,
0.21218228340148926,
0.5670725703239441,
0.3258211016654968,
0.24565142393112183,
0.30727091431617737,
0.1470479965209961,
0.5948827862739563,
0.9960533380508423,
0.40227189660072327,
0.2659934163093567,
0.40585047006607056,
0.3711843192577362,
0.36006414890289307,
0.3756421208381653,
0.16776716709136963,
0.45230257511138916,
0.21824881434440613,
0.23070308566093445,
0.11028788983821869,
0.10842837393283844,
0.1351448893547058,
0.6653009653091431,
0.1618562936782837,
0.15900428593158722,
0.2661723494529724,
0.2349405288696289,
0.35658517479896545,
0.234782874584198,
0.2669609487056732,
0.4230569005012512,
0.1769595593214035,
0.16538432240486145,
0.489484041929245,
0.9790126085281372,
0.29469791054725647,
0.9655417203903198,
0.9995393753051758,
0.9903814196586609,
0.9814043045043945,
0.2928544580936432,
0.34528350830078125,
0.26012200117111206,
0.12247264385223389,
0.22666193544864655,
0.6455627083778381,
0.18732814490795135,
0.1906304657459259,
0.7332191467285156,
0.12029664218425751,
0.09904903918504715,
0.18779635429382324,
0.9720627665519714,
0.12756460905075073,
0.09241092205047607,
0.18408913910388947,
0.14921976625919342,
0.2269645482301712,
0.08641725033521652,
0.5485209822654724,
0.48246315121650696,
0.2256699800491333,
0.15207725763320923,
0.3214832544326782,
0.16079987585544586,
0.14246250689029694,
0.18991947174072266,
0.6514225602149963,
0.25053873658180237,
0.16006386280059814,
0.44260814785957336,
0.3020704984664917,
0.6949426531791687,
0.8747294545173645,
0.26313260197639465,
0.40049245953559875,
0.23682573437690735,
0.15484805405139923,
0.12049239128828049,
0.10925325006246567,
0.5143271088600159,
0.3989897072315216,
0.21190254390239716,
0.2587522566318512,
0.8811485171318054,
0.09015752375125885,
0.2161101996898651,
0.13828851282596588,
0.8250584602355957,
0.752485454082489,
0.28155797719955444,
0.8124866485595703,
0.3021499216556549,
0.19118107855319977,
0.07194101810455322,
0.07022874802350998,
0.052525367587804794,
0.3119547367095947,
0.21728572249412537,
0.1205868273973465,
0.387596994638443,
0.5592172145843506,
0.13626353442668915,
0.16845746338367462,
0.06219787150621414,
0.15723226964473724,
0.4256993234157562,
0.2226698249578476,
0.22237618267536163,
0.08073727786540985,
0.17278485000133514,
0.6000052690505981,
0.6072593927383423,
0.14174574613571167,
0.8597170114517212,
0.98929762840271,
0.26280906796455383,
0.4364173412322998,
0.1308862417936325,
0.2538031041622162,
0.18234461545944214,
0.6705030202865601,
0.3378135561943054,
0.38347935676574707,
0.4249948263168335,
0.08578953891992569,
0.17514541745185852,
0.20039677619934082,
0.12024062126874924,
0.2664189040660858,
0.29063552618026733,
0.1964554339647293,
0.1649913191795349,
0.2116510421037674,
0.5720202922821045,
0.34960055351257324,
0.1955288052558899,
0.309019535779953,
0.14638791978359222,
0.20684616267681122,
0.43758606910705566,
0.9373173713684082,
0.3296501338481903,
0.8223989009857178,
0.5448547601699829,
0.5294025540351868,
0.9260194301605225,
0.6842813491821289,
0.16328363120555878,
0.15150971710681915,
0.5148545503616333,
0.14181800186634064,
0.5993691682815552,
0.1442958414554596,
0.8469334244728088,
0.19335292279720306,
0.9213330745697021,
0.9823770523071289,
0.22426895797252655,
0.31333106756210327,
0.9689231514930725,
0.8547810316085815,
0.3174639940261841,
0.20749816298484802,
0.19343888759613037,
0.09634467959403992,
0.08275726437568665,
0.08328676223754883,
0.08172746747732162,
0.2241673618555069,
0.06598245352506638,
0.3263329565525055,
0.21714571118354797,
0.16710789501667023,
0.16343669593334198,
0.07612661272287369,
0.7452418804168701,
0.9085525274276733,
0.2876787781715393,
0.3003199100494385,
0.19388346374034882,
0.2630595564842224,
0.2853216528892517,
0.1162041425704956,
0.5631764531135559,
0.4744287431240082,
0.5901328921318054,
0.2219109833240509,
0.18471477925777435,
0.9921033978462219,
0.2586183547973633,
0.22002504765987396,
0.26514869928359985,
0.18558670580387115,
0.2537245750427246,
0.21057075262069702,
0.2203734815120697,
0.5745384097099304,
0.22364027798175812,
0.19524553418159485,
0.09303835034370422,
0.4629904329776764,
0.11316777020692825,
0.21232104301452637,
0.12996792793273926,
0.6601195931434631,
0.11923906207084656,
0.49669352173805237,
0.29857808351516724,
0.1600891500711441,
0.15777884423732758,
0.38038870692253113,
0.6040328741073608,
0.48924508690834045,
0.34405872225761414,
0.7805670499801636,
0.1972392499446869,
0.12619945406913757,
0.14668238162994385,
0.8921734094619751,
0.31794238090515137,
0.10608666390180588,
0.24656225740909576,
0.42293527722358704,
0.4969187080860138,
0.3101806640625,
0.18930956721305847,
0.15000051259994507,
0.23471982777118683,
0.1323111653327942,
0.22945915162563324,
0.12091092020273209,
0.17008844017982483,
0.2846122682094574,
0.1706128567457199,
0.09142238646745682,
0.819916307926178,
0.1970892697572708,
0.08656387031078339,
0.3217582404613495,
0.16175776720046997,
0.20640678703784943,
0.9552781581878662,
0.5445979833602905,
0.155525803565979,
0.5747968554496765,
0.7266858816146851,
0.2746855318546295,
0.8936015963554382,
0.5730010271072388,
0.48870643973350525,
0.2915380895137787,
0.18595650792121887,
0.7761573195457458,
0.13506613671779633,
0.13540062308311462,
0.36421123147010803,
0.68328458070755,
0.43848955631256104,
0.9149169325828552,
0.28320321440696716,
0.09156056493520737,
0.18655812740325928,
0.20146024227142334,
0.08665067702531815,
0.6477614641189575,
0.532623827457428,
0.15203453600406647,
0.33891427516937256,
0.9200706481933594,
0.981844425201416,
0.20042575895786285,
0.18082033097743988,
0.10525393486022949,
0.19186195731163025,
0.36928683519363403,
0.99954754114151,
0.9998154044151306,
0.13212072849273682,
0.1264955699443817,
0.11629513651132584,
0.14519166946411133,
0.2965514659881592,
0.19824649393558502,
0.20151972770690918,
0.09142745286226273,
0.2350727766752243,
0.7761057615280151,
0.4195510745048523,
0.26538270711898804,
0.14735405147075653,
0.4944966733455658,
0.4300903081893921,
0.4005199372768402,
0.32610994577407837,
0.16455669701099396,
0.13520623743534088,
0.6380329132080078,
0.14152328670024872,
0.6722208261489868,
0.16739842295646667,
0.24017149209976196,
0.3994807302951813,
0.8374886512756348,
0.9876989126205444,
0.29669952392578125,
0.36541950702667236,
0.9862494468688965,
0.9815415143966675,
0.3568167984485626,
0.33213451504707336,
0.25220051407814026,
0.9415209293365479,
0.9844071865081787,
0.16888104379177094,
0.14726682007312775,
0.19976922869682312,
0.1367245763540268,
0.17916591465473175,
0.3605707287788391,
0.20432662963867188,
0.5659038424491882,
0.1532156765460968,
0.2161528319120407,
0.9985538125038147,
0.9996569156646729,
0.09384158998727798,
0.1394575536251068,
0.7648364901542664,
0.2887365221977234,
0.3507988154888153,
0.14447978138923645,
0.4125571846961975,
0.14056901633739471,
0.2584768235683441,
0.4129990041255951,
0.3067754805088043,
0.133936807513237,
0.22980815172195435,
0.5460663437843323,
0.9771873354911804,
0.2715397775173187,
0.6739680171012878,
0.3122817873954773,
0.2179611325263977,
0.9778199791908264,
0.29427963495254517,
0.19079171121120453,
0.16182364523410797,
0.10008999705314636,
0.41180986166000366,
0.9967989921569824,
0.25685155391693115,
0.8162567019462585,
0.08723323792219162,
0.8681018352508545,
0.5303573608398438,
0.5717974901199341,
0.7823205590248108,
0.6456591486930847,
0.5909474492073059,
0.8909600377082825,
0.9932604432106018,
0.3994047939777374,
0.758094310760498,
0.6504993438720703,
0.4256678819656372,
0.22154003381729126,
0.9963351488113403,
0.9849207997322083,
0.3704938590526581,
0.6525113582611084,
0.18652331829071045,
0.3507586121559143,
0.5921058654785156,
0.20854608714580536,
0.820560097694397,
0.9756405353546143,
0.28268396854400635,
0.3259752690792084,
0.9100150465965271,
0.9470056295394897,
0.19990243017673492,
0.30108439922332764,
0.1520601511001587,
0.5578289031982422,
0.1540888547897339,
0.10044706612825394,
0.8232263326644897,
0.7675994634628296,
0.317423939704895,
0.2226397544145584,
0.19553066790103912,
0.13314957916736603,
0.40821993350982666,
0.27518293261528015,
0.6013222932815552,
0.17356856167316437,
0.7581638693809509,
0.15873587131500244,
0.9798826575279236,
0.3307453989982605,
0.6200636029243469,
0.1265566349029541,
0.2665732204914093,
0.4758243262767792,
0.23912477493286133,
0.27462509274482727,
0.40146908164024353,
0.24156323075294495,
0.9577354192733765,
0.12556757032871246,
0.4932824969291687,
0.4891320466995239,
0.2735432982444763,
0.16966167092323303,
0.1270161122083664,
0.20605483651161194,
0.6756572723388672,
0.12845630943775177,
0.24251224100589752,
0.18831710517406464,
0.14611366391181946,
0.4798801839351654,
0.24764828383922577,
0.19096940755844116,
0.16774025559425354,
0.2322423905134201,
0.4251447319984436,
0.2526395618915558,
0.36773762106895447,
0.16979879140853882,
0.5739964842796326,
0.2783994972705841,
0.2185797393321991,
0.4950900673866272,
0.2245728075504303,
0.21721547842025757,
0.14218230545520782,
0.12101099640130997,
0.4955720901489258,
0.7559641599655151,
0.364100843667984,
0.19715110957622528,
0.8810855150222778,
0.7933143973350525,
0.6007415652275085,
0.24937386810779572,
0.8771078586578369,
0.5146996378898621,
0.23007625341415405,
0.12545742094516754,
0.10035070776939392,
0.09107697755098343,
0.18857881426811218,
0.1680634319782257,
0.7278894782066345,
0.32158905267715454,
0.9279152154922485,
0.9980354905128479,
0.3383791744709015,
0.39663127064704895,
0.8750335574150085,
0.5875751376152039,
0.8156015276908875,
0.8630869388580322,
0.8869605660438538,
0.8086088299751282,
0.6110821962356567,
0.30172449350357056,
0.2195950746536255,
0.17642836272716522,
0.33899617195129395,
0.4757539629936218,
0.28069832921028137,
0.38866016268730164,
0.18750940263271332,
0.27535781264305115,
0.17355111241340637,
0.6429013609886169,
0.5189294815063477,
0.12712058424949646,
0.38374775648117065,
0.5506676435470581,
0.29488605260849,
0.8174062371253967,
0.5181469917297363,
0.8603261709213257,
0.7342469096183777,
0.4344315826892853,
0.25089678168296814,
0.24465379118919373,
0.1797679364681244,
0.8894914388656616,
0.983714759349823,
0.43287596106529236,
0.4147603213787079,
0.15396809577941895,
0.6633659601211548,
0.1329941749572754,
0.23170527815818787,
0.9792494177818298,
0.31484341621398926,
0.2998245358467102,
0.08931373804807663,
0.0751228854060173,
0.4261954724788666,
0.8235874772071838,
0.29145389795303345,
0.27312931418418884,
0.21816153824329376,
0.21659593284130096,
0.21584458649158478,
0.28772926330566406,
0.3342518210411072,
0.328949511051178,
0.27298998832702637,
0.1724347472190857,
0.1426294595003128,
0.8201304078102112,
0.37455835938453674,
0.3407415747642517,
0.5983538031578064,
0.33374664187431335,
0.12835228443145752,
0.9312850832939148,
0.36234772205352783,
0.30447930097579956,
0.26313474774360657,
0.995410144329071,
0.13645699620246887,
0.10553313046693802,
0.1683725118637085,
0.9843384623527527,
0.22900228202342987,
0.10857098549604416,
0.3930266201496124,
0.3470105528831482,
0.35378333926200867,
0.20803263783454895,
0.21081508696079254,
0.2086537778377533,
0.10990215092897415,
0.36024007201194763,
0.44677385687828064,
0.20275741815567017,
0.15868443250656128,
0.3599108159542084,
0.3373132050037384,
0.26970282196998596,
0.6604230403900146,
0.23924657702445984,
0.5611606240272522,
0.3385445475578308,
0.19462423026561737,
0.13402485847473145,
0.16214826703071594,
0.8883270025253296,
0.8670676350593567,
0.6371812224388123,
0.44364234805107117,
0.12846772372722626,
0.22246801853179932,
0.6494176983833313,
0.4945966303348541,
0.6022023558616638,
0.18925587832927704,
0.7069698572158813,
0.3596132695674896,
0.20568959414958954,
0.7741440534591675,
0.08615157008171082,
0.9047439098358154,
0.998696506023407,
0.1878921240568161,
0.0824837014079094,
0.11572994291782379,
0.9182403087615967,
0.13658684492111206,
0.6123446226119995,
0.3037649095058441,
0.12025752663612366,
0.10453891009092331,
0.1844673752784729,
0.18133032321929932,
0.20084255933761597,
0.19678817689418793,
0.3216056525707245,
0.17155231535434723,
0.1215582862496376,
0.2630596160888672,
0.9850969910621643,
0.0795309841632843,
0.07607395201921463,
0.07043659687042236,
0.0694853812456131,
0.06854845583438873,
0.0647987574338913,
0.17558246850967407,
0.25225186347961426,
0.8621203899383545,
0.5106667280197144,
0.49753180146217346,
0.999786913394928,
0.2224568873643875,
0.32929399609565735,
0.2693726122379303,
0.4406268000602722,
0.4635559618473053,
0.4130001664161682,
0.3141796886920929,
0.5671501755714417,
0.9334337711334229,
0.39880698919296265,
0.42446866631507874,
0.7266333103179932,
0.12542597949504852,
0.14731380343437195,
0.45313307642936707,
0.24587468802928925,
0.28692370653152466,
0.24586670100688934,
0.693084180355072,
0.9978274703025818,
0.24174919724464417,
0.11097326129674911,
0.2572568356990814,
0.9549022316932678,
0.9977918863296509,
0.3264603018760681,
0.314414381980896,
0.9941851496696472,
0.19808395206928253,
0.09413065761327744,
0.1581929326057434,
0.07657990604639053,
0.26372843980789185,
0.18486841022968292,
0.7091671228408813,
0.4554537534713745,
0.1752515733242035,
0.9918316006660461,
0.13148127496242523,
0.11990876495838165,
0.6179814338684082,
0.8077083826065063,
0.6033508777618408,
0.37959131598472595,
0.9421776533126831,
0.914802074432373,
0.1336813122034073,
0.11257490515708923,
0.19562645256519318,
0.9384454488754272,
0.10813380777835846,
0.13099493086338043,
0.43705981969833374,
0.2637094259262085,
0.43200966715812683,
0.9159613847732544,
0.9968484044075012,
0.3689117729663849,
0.5235394835472107,
0.12018223851919174,
0.13184760510921478,
0.10255692154169083,
0.0841907262802124,
0.223662331700325,
0.18310804665088654,
0.2009871006011963,
0.1467956304550171,
0.20784983038902283,
0.11885777115821838,
0.6155370473861694,
0.707082986831665,
0.287283331155777,
0.9779004454612732,
0.4676659405231476,
0.7015137076377869,
0.998802900314331,
0.5608460903167725,
0.8252822756767273,
0.26359641551971436,
0.9168061017990112,
0.39065030217170715,
0.1050477921962738,
0.23564855754375458,
0.12812218070030212,
0.1801505833864212,
0.08250658214092255,
0.13362829387187958,
0.10640820115804672,
0.13488173484802246,
0.15869687497615814,
0.2531004250049591,
0.31918418407440186,
0.5728049278259277,
0.12401816993951797,
0.581326425075531,
0.10997401177883148,
0.10990235209465027,
0.7082430124282837,
0.9828965067863464,
0.9961369633674622,
0.8607234954833984,
0.7503200769424438,
0.7345119118690491,
0.5531589984893799,
0.4434013068675995,
0.44780799746513367,
0.3286743462085724,
0.3071950674057007,
0.5820203423500061,
0.29598551988601685,
0.28269749879837036,
0.19712895154953003,
0.09928042441606522,
0.10317845642566681,
0.5636116862297058,
0.5147510766983032,
0.2649107277393341,
0.9236010313034058,
0.8543699979782104,
0.5988588333129883,
0.21317097544670105,
0.9356135129928589,
0.9634368419647217,
0.19705411791801453,
0.9803019165992737,
0.9931828379631042,
0.10351842641830444,
0.09887786209583282,
0.07434576004743576,
0.5400903820991516,
0.7470837831497192,
0.08844432979822159,
0.1291586458683014,
0.1725795567035675,
0.12882079184055328,
0.08944379538297653,
0.09650309383869171,
0.0757373496890068,
0.3577636778354645,
0.27067697048187256,
0.2109597623348236,
0.2747775614261627,
0.5693017244338989,
0.6305745840072632,
0.18457522988319397,
0.22340039908885956,
0.3553551435470581,
0.2308204472064972,
0.3381955325603485,
0.8873139023780823,
0.5464271903038025,
0.3020705282688141,
0.75005704164505,
0.09685923904180527,
0.2416207641363144,
0.4057811498641968,
0.28306663036346436,
0.21420904994010925,
0.5660010576248169,
0.11564794927835464,
0.3114853799343109,
0.12159602344036102,
0.10211259126663208,
0.257219523191452,
0.3146895170211792,
0.9891263842582703,
0.3644542098045349,
0.11233780533075333,
0.08576872199773788,
0.17830778658390045,
0.3298894762992859,
0.10590602457523346,
0.08032200485467911,
0.28890669345855713,
0.3052927851676941,
0.38430896401405334,
0.3438977003097534,
0.2094418853521347,
0.27753904461860657,
0.27187684178352356,
0.34470969438552856,
0.16216273605823517,
0.163691446185112,
0.12804189324378967,
0.7218227982521057,
0.6314151883125305,
0.7890617847442627,
0.19510933756828308,
0.8992100358009338,
0.16928952932357788,
0.6923261880874634,
0.6066304445266724,
0.18301056325435638,
0.18938420712947845,
0.1962524801492691,
0.14917585253715515,
0.1579030603170395,
0.3549640476703644,
0.34596073627471924,
0.30224093794822693,
0.22673644125461578,
0.34244778752326965,
0.43972742557525635,
0.10911775380373001,
0.1983753740787506,
0.08726872503757477,
0.3688531219959259,
0.09438779950141907,
0.0891026109457016,
0.26793378591537476,
0.1525793820619583,
0.15085965394973755,
0.17524828016757965,
0.30587199330329895,
0.2861970067024231,
0.21332213282585144,
0.11345802247524261,
0.17843127250671387,
0.13814376294612885,
0.2020886391401291,
0.1328100711107254,
0.13578839600086212,
0.25192198157310486,
0.10625547915697098,
0.07161456346511841,
0.24729247391223907,
0.1631900519132614,
0.3907119035720825,
0.13971832394599915,
0.12495654821395874,
0.1064428761601448,
0.2982751131057739,
0.90469890832901,
0.4052374064922333,
0.17275235056877136,
0.40022939443588257,
0.2742484211921692,
0.1359817087650299,
0.44222062826156616,
0.5215474963188171,
0.22117923200130463,
0.2945266664028168,
0.25051242113113403,
0.20134469866752625,
0.31682464480400085,
0.21896091103553772,
0.1263904720544815,
0.36747682094573975,
0.7839605212211609,
0.17364896833896637,
0.19000409543514252,
0.9156345725059509,
0.31771746277809143,
0.44544821977615356,
0.1951574981212616,
0.3569566607475281,
0.457038551568985,
0.33543604612350464,
0.3102701008319855,
0.24191009998321533,
0.11160042881965637,
0.21267922222614288,
0.23778191208839417,
0.5184155106544495,
0.6155712008476257,
0.143762469291687,
0.28048598766326904,
0.9901261329650879,
0.8962910771369934,
0.8922350406646729,
0.5038115978240967,
0.21795639395713806,
0.31264033913612366,
0.35195785760879517,
0.5778766870498657,
0.145380437374115,
0.20970459282398224,
0.148064985871315,
0.13533715903759003,
0.14325429499149323,
0.4803675711154938,
0.2103501856327057,
0.15116281807422638,
0.10903848707675934,
0.42377960681915283,
0.10450027137994766,
0.1846354752779007,
0.13595016300678253,
0.4594803750514984,
0.1889391541481018,
0.11984783411026001,
0.2393750697374344,
0.9439664483070374,
0.7439256906509399,
0.4688768982887268,
0.15505680441856384,
0.20350471138954163,
0.2711564004421234,
0.11211279034614563,
0.8143534064292908,
0.21950605511665344,
0.447363018989563,
0.13327400386333466,
0.09801166504621506,
0.9753246307373047,
0.9388275146484375,
0.16129620373249054,
0.18163324892520905,
0.5306677222251892,
0.22843147814273834,
0.21315646171569824,
0.5764700174331665,
0.20414254069328308,
0.9352292418479919,
0.17923493683338165,
0.2681546211242676,
0.1081637293100357,
0.08698665350675583,
0.16006390750408173,
0.235614612698555,
0.16479046642780304,
0.30499890446662903,
0.1466340720653534,
0.6440373063087463,
0.09053848683834076,
0.13958723843097687,
0.08322398364543915,
0.17080527544021606,
0.47867351770401,
0.17246857285499573,
0.17333774268627167,
0.3513873815536499,
0.4365822374820709,
0.32289519906044006,
0.9973245859146118,
0.9611907005310059,
0.2837367057800293,
0.2697635293006897,
0.12123608589172363,
0.5135539174079895,
0.17877919971942902,
0.5278254747390747,
0.14081479609012604,
0.14544111490249634,
0.2528337836265564,
0.0895095095038414,
0.1657707840204239,
0.1592445820569992,
0.7263426780700684,
0.9175346493721008,
0.8525286316871643,
0.5526621341705322,
0.4994630515575409,
0.2322968691587448,
0.2332039773464203,
0.2907899022102356,
0.917619526386261,
0.7305446863174438,
0.6686427593231201,
0.3190063238143921,
0.36444416642189026,
0.3599874973297119,
0.4587044417858124,
0.3556886911392212,
0.7274404168128967,
0.3752725422382355,
0.3650991916656494,
0.9972098469734192,
0.990371584892273,
0.42975878715515137,
0.8400043845176697,
0.6854634881019592,
0.43094587326049805,
0.20825128257274628,
0.25149136781692505,
0.31718742847442627,
0.31881266832351685,
0.5793940424919128,
0.19532188773155212,
0.12084347754716873,
0.14807650446891785,
0.5922109484672546,
0.3780360519886017,
0.27284225821495056,
0.14182068407535553,
0.2217407375574112,
0.21294178068637848,
0.41037631034851074,
0.34060320258140564,
0.2532033324241638,
0.1492607295513153,
0.9840933084487915,
0.174366757273674,
0.37116941809654236,
0.12569202482700348,
0.2658139169216156,
0.3087788224220276,
0.08301005512475967,
0.164533793926239,
0.189411461353302,
0.18828287720680237,
0.3505343794822693,
0.1911546140909195,
0.18799549341201782,
0.23417255282402039,
0.37412092089653015,
0.4927688539028168,
0.42589065432548523,
0.6836982369422913,
0.3047000765800476,
0.5197136402130127,
0.22465483844280243,
0.18186570703983307,
0.18549613654613495,
0.2514888346195221,
0.3421696126461029,
0.18400938808918,
0.28073054552078247,
0.3554913103580475,
0.4038466811180115,
0.7183521389961243,
0.12346301972866058,
0.12036430090665817,
0.12993831932544708,
0.41215795278549194,
0.14749397337436676,
0.530179500579834,
0.4880138039588928,
0.3541412949562073,
0.1215663030743599,
0.12150547653436661,
0.7740132808685303,
0.24023696780204773,
0.45605310797691345,
0.12906414270401,
0.4004689157009125,
0.487118661403656,
0.4354696273803711,
0.3425911068916321,
0.20311567187309265,
0.7430339455604553,
0.5022626519203186,
0.12364567071199417,
0.9608803987503052,
0.9210981726646423,
0.29259783029556274,
0.6819429397583008,
0.6690548658370972,
0.19999374449253082,
0.1588805764913559,
0.3641754388809204,
0.11837833374738693,
0.6407281756401062,
0.27635449171066284,
0.2811751067638397,
0.6159815788269043,
0.18075361847877502,
0.4491351544857025,
0.09382912516593933,
0.15837517380714417,
0.3755171298980713,
0.14641332626342773,
0.1810561567544937,
0.1702737659215927,
0.2280769944190979,
0.3896608054637909,
0.761652410030365,
0.2712193429470062,
0.24945063889026642,
0.05721496790647507,
0.09214417636394501,
0.8920764327049255,
0.05370623618364334,
0.05105553939938545,
0.047243401408195496,
0.04550674557685852,
0.8888931274414062,
0.04541432112455368,
0.22960606217384338,
0.15810059010982513,
0.24488580226898193,
0.9508436322212219,
0.2122151404619217,
0.04511281102895737,
0.14251700043678284,
0.05211359262466431,
0.04403818026185036,
0.05774613469839096,
0.04041028022766113,
0.03638499230146408,
0.39660441875457764,
0.027978315949440002,
0.026281675323843956,
0.2180890291929245,
Average confidence per step:,
0.03312663361430168,
0.032739948481321335,
0.03377214074134827,
0.033598653972148895,
0.03514976054430008,
0.035247161984443665,
0.034896012395620346,
0.03487119451165199,
0.03538983687758446,
0.03549614176154137,
0.036478083580732346,
0.035473987460136414,
0.0353969968855381,
0.0347367562353611,
0.03467053547501564,
0.03497154265642166,
0.03504210337996483,
0.03498993441462517,
0.0346769317984581,
0.03519340604543686,
0.03508073091506958,
0.03560837358236313,
0.03487555310130119,
0.03444620594382286,
0.03405885398387909,
0.03420282155275345,
0.0341540165245533,
0.0343874953687191,
0.03552794083952904,
0.035115327686071396,
0.03414742276072502,
0.03331015631556511,
0.03333991393446922,
0.033413730561733246,
0.03373080492019653,
0.0340699702501297,
0.03455929085612297,
0.03430245444178581,
0.034306928515434265,
0.03475148603320122,
0.03324587270617485,
0.03308099880814552,
0.032969459891319275,
0.03232082724571228,
0.03254137188196182,
0.03469853475689888,
0.03421628102660179,
0.03402479365468025,
0.03372342512011528,
0.03367900103330612,
0.03373046964406967,
0.03345675766468048,
0.033240221440792084,
0.03373648226261139,
0.03353642672300339,
0.03333890438079834,
0.03334999457001686,
0.03338005393743515,
0.03234804794192314,
0.03211142495274544,
0.031969331204891205,
0.03215104714035988,
0.032210592180490494,
0.0320565439760685,
0.03255647048354149,
0.032100047916173935,
0.03232323378324509,
0.03235666826367378,
0.032315693795681,
0.03262816742062569,
0.03214818239212036,
0.03193610906600952,
0.032025691121816635,
0.032138362526893616,
0.03206871449947357,
0.03159816190600395,
0.03243113309144974,
0.03208017721772194,
0.036436017602682114,
0.03525179252028465,
0.034855566918849945,
0.03453288972377777,
0.03461616486310959,
0.03401657193899155,
0.033825427293777466,
0.033354196697473526,
0.03291609510779381,
0.03262386843562126,
0.032226622104644775,
0.032071180641651154,
0.031529150903224945,
0.031446073204278946,
0.03133018687367439,
0.03148535266518593,
0.03152187913656235,
0.031954966485500336,
0.03181084990501404,
0.03167092427611351,
0.03156409412622452,
0.031530365347862244,
0.03149278089404106,
0.03180118650197983,
0.03185752406716347,
0.03220359608530998,
0.03168764337897301,
0.03173467889428139,
0.032276451587677,
0.03170555830001831,
0.031777143478393555,
0.03175349906086922,
0.03235430642962456,
0.03221089392900467,
0.03248375281691551,
0.031938087195158005,
0.03187615051865578,
0.03209966421127319,
0.03199521824717522,
0.03200962021946907,
0.03206034004688263,
0.03238439932465553,
0.03304199129343033,
0.032749589532613754,
0.032337673008441925,
0.03255150094628334,
0.03215712308883667,
0.0323978029191494,
0.032516397535800934,
0.032299358397722244,
0.0325077623128891,
0.032051995396614075,
0.032345473766326904,
0.0319734588265419,
0.031635113060474396,
0.03192450851202011,
0.032720182090997696,
0.03271474316716194,
0.03338022157549858,
0.03254791349172592,
0.03247489407658577,
0.032269012182950974,
0.03234158456325531,
0.03239935263991356,
0.032620593905448914,
0.032753702253103256,
0.03228633105754852,
0.0334048792719841,
0.032985616475343704,
0.03304561972618103,
0.032552700489759445,
0.03267177194356918,
0.034296534955501556,
0.035453520715236664,
0.03426184132695198,
0.03428444638848305,
0.03370842710137367,
0.03328275308012962,
0.033104363828897476,
0.032754845917224884,
0.032948825508356094,
0.0330793634057045,
0.03351970389485359,
0.03403090313076973,
0.03396226838231087,
0.03382490202784538,
0.03362458199262619,
0.0336514487862587,
0.033691469579935074,
0.03345164284110069,
0.03331796079874039,
0.03369399160146713,
0.03337081894278526,
0.03392589092254639,
0.03481360897421837,
0.03500107675790787,
0.03469722345471382,
0.034986186772584915,
0.03452569246292114,
0.03462890535593033,
0.03496618941426277,
0.03493543341755867,
0.0352073535323143,
0.03454022482037544,
0.0343707837164402,
0.03470683842897415,
0.03449748083949089,
0.034248847514390945,
0.03496398776769638,
0.035422224551439285,
0.03538015857338905,
0.036095768213272095,
0.035578660666942596,
0.03601209074258804,
0.03459193930029869,
0.03407980501651764,
0.03365037217736244,
0.034320760518312454,
0.03404100239276886,
0.033175088465213776,
0.030841372907161713,
0.030866503715515137,
0.030837327241897583,
0.03094303235411644,
0.030791025608778,
0.030743949115276337,
0.030688457190990448,
0.030751630663871765,
0.031314603984355927,
0.03193157538771629,
0.03162071108818054,
0.03327026963233948,
0.03269049897789955,
0.03237243741750717,
0.032331690192222595,
0.03313715383410454,
0.03404725715517998,
0.03355981409549713,
0.033095911145210266,
0.032803598791360855,
0.03372211381793022,
0.03194474056363106,
0.03220295161008835,
0.03457797318696976,
0.03448823094367981,
0.034395765513181686,
0.033429987728595734,
0.03322737291455269,
0.03293752297759056,
0.03344331681728363,
0.03387707099318504,
0.033841293305158615,
0.03378422185778618,
0.03317365422844887,
0.033851392567157745,
0.0342012420296669,
0.03422233462333679,
0.03398857265710831,
0.03513867035508156,
0.035403136163949966,
0.03546549007296562,
0.035401567816734314,
0.03573815897107124,
0.035391803830862045,
0.034952644258737564,
0.035044461488723755,
0.03544660285115242,
0.034949831664562225,
0.034752458333969116,
0.034475237131118774,
0.03458831459283829,
0.03462744504213333,
0.034770503640174866,
0.03464173898100853,
0.034360580146312714,
0.03445301949977875,
0.03438020497560501,
0.03456982597708702,
0.03352305293083191,
0.033579181879758835,
0.0334821492433548,
0.03389701247215271,
0.034263625741004944,
0.03403161093592644,
0.0341828353703022,
0.0332002155482769,
0.03230264410376549,
0.03166795149445534,
0.03230489045381546,
0.03225754201412201,
0.03192290663719177,
0.031955838203430176,
0.03233008831739426,
0.032272420823574066,
0.03232945501804352,
0.03304896876215935,
0.03362688049674034,
0.03276160731911659,
0.032158613204956055,
0.03252127021551132,
0.03238878399133682,
0.033530157059431076,
0.03266351297497749,
0.032063908874988556,
0.03191724047064781,
0.032287225127220154,
0.03256433084607124,
0.03206624835729599,
0.03263351693749428,
0.0330013744533062,
0.03253636881709099,
0.03262031823396683,
0.0329691506922245,
0.03363294154405594,
0.033322326838970184,
0.03381643071770668,
0.033092204481363297,
0.032435342669487,
0.032409850507974625,
0.03292101249098778,
0.03246167302131653,
0.03297155722975731,
0.033424634486436844,
0.032574210315942764,
0.033051393926143646,
0.03268503397703171,
0.03272084891796112,
0.03293476998806,
0.03298858180642128,
0.0327342227101326,
0.03246745839715004,
0.03212906792759895,
0.03280516341328621,
0.033043306320905685,
0.03303337097167969,
0.03281775116920471,
0.03373775631189346,
0.033881109207868576,
0.03375950828194618,
0.03393580764532089,
0.034269947558641434,
0.03458303585648537,
0.03462794050574303,
0.03482251986861229,
0.03459836170077324,
0.0348682776093483,
0.03433229774236679,
0.034182555973529816,
0.034066736698150635,
0.03408418595790863,
0.034992337226867676,
0.03466447442770004,
0.034686435014009476,
0.034256331622600555,
0.03447418659925461,
0.034620288759469986,
0.034582141786813736,
0.03482421487569809,
0.0345192477107048,
0.0343637689948082,
0.035071004182100296,
0.03430567681789398,
0.03431853652000427,
0.03530963882803917,
0.034903690218925476,
0.03431091830134392,
0.035454388707876205,
0.03507879003882408,
0.03450574725866318,
0.0347096286714077,
0.034677885472774506,
0.03448130935430527,
0.03453033044934273,
0.03461063280701637,
0.03512173891067505,
0.035896558314561844,
0.03542780876159668,
0.03490852564573288,
0.03479297459125519,
0.034316230565309525,
0.03508581593632698,
0.035403091460466385,
0.035167910158634186,
0.03494744002819061,
0.0350436307489872,
0.03541199862957001,
0.03518997132778168,
0.035212695598602295,
0.035174399614334106,
0.03528246656060219,
0.03586197271943092,
0.03553113341331482,
0.03765175864100456,
0.037328965961933136,
0.03644457086920738,
0.03773106634616852,
0.036850109696388245,
0.03692042455077171,
0.03663487732410431,
0.03644627332687378,
0.03662233054637909,
0.037130940705537796,
0.03665359318256378,
0.03615421801805496,
0.03609433397650719,
0.03621199354529381,
0.03643614053726196,
0.036320045590400696,
0.03616144508123398,
0.037173207849264145,
0.03727401793003082,
0.036778151988983154,
0.03613583371043205,
0.03590698912739754,
0.0367298424243927,
0.036412984132766724,
0.03621116280555725,
0.036317478865385056,
0.0361957885324955,
0.036194849759340286,
0.03609440475702286,
0.036451566964387894,
0.03637911379337311,
0.03661852329969406,
0.03638489916920662,
0.036708541214466095,
0.03656190261244774,
0.03712690621614456,
0.036572493612766266,
0.03673042356967926,
0.036748021841049194,
0.03700775280594826,
0.037112701684236526,
0.038148246705532074,
0.03804768621921539,
0.03739049658179283,
0.03721459582448006,
0.036645978689193726,
0.03731607273221016,
0.036884844303131104,
0.036548517644405365,
0.037226900458335876,
0.03691539540886879,
0.03681797534227371,
0.037246719002723694,
0.036679573357105255,
0.03705302253365517,
0.037209201604127884,
0.03750599920749664,
0.037079568952322006,
0.036944132298231125,
0.036961689591407776,
0.03737261891365051,
0.03766822814941406,
0.0371798612177372,
0.037015143781900406,
0.03687933087348938,
0.036621686071157455,
0.03715994954109192,
0.037264902144670486,
0.03706533834338188,
0.037250787019729614,
0.03699950501322746,
0.03646387904882431,
0.03679509460926056,
0.03675244003534317,
0.03645475208759308,
0.03696807101368904,
0.03651624917984009,
0.03727483004331589,
0.03666932135820389,
0.03719738870859146,
0.036796361207962036,
0.03669511899352074,
0.03672738000750542,
0.037006817758083344,
0.036590754985809326,
0.03697044774889946,
0.037055764347314835,
0.036946747452020645,
0.03677899017930031,
0.03709765896201134,
0.03688323125243187,
0.03674742951989174,
0.0367603674530983,
0.036639463156461716,
0.03682083636522293,
0.0366184301674366,
0.036865174770355225,
0.036434635519981384,
0.036136824637651443,
0.036520350724458694,
0.03632448613643646,
0.036698345094919205,
0.03643755614757538,
0.036850422620773315,
0.0369676873087883,
0.036361537873744965,
0.037308529019355774,
0.036647163331508636,
0.03673961013555527,
0.03686448931694031,
0.03634333610534668,
0.03685735538601875,
0.036773744970560074,
0.03624117746949196,
0.036548759788274765,
0.03617851436138153,
0.03610080108046532,
0.03629551827907562,
0.036559298634529114,
0.036932457238435745,
0.03799251466989517,
0.03750833123922348,
0.0371495820581913,
0.03720083832740784,
0.03693946450948715,
0.03690030425786972,
0.037942398339509964,
0.03761664405465126,
0.037118181586265564,
0.03784042224287987,
0.03772842139005661,
0.03784675896167755,
0.03754330798983574,
0.03659101203083992,
0.03677564486861229,
0.036648962646722794,
0.03720754384994507,
0.03742949292063713,
0.036722078919410706,
0.03716591000556946,
0.03727959468960762,
0.03675965964794159,
0.03614677116274834,
0.036713022738695145,
0.03623921796679497,
0.036140117794275284,
0.03643535077571869,
0.03657504916191101,
0.03633001819252968,
0.035963039845228195,
0.03672328591346741,
0.036602091044187546,
0.03652854263782501,
0.03741658106446266,
0.03678770363330841,
0.037353888154029846,
0.040361806750297546,
0.03973407298326492,
0.03952671214938164,
0.039121173322200775,
0.03860188648104668,
0.038766056299209595,
0.03732946142554283,
0.037327736616134644,
0.03673746809363365,
0.03611111268401146,
0.036256350576877594,
0.03594642132520676,
0.03569544479250908,
0.03562181815505028,
0.035579975694417953,
0.03550954908132553,
0.03562759608030319,
0.0355653278529644,
0.03591088578104973,
0.03571286424994469,
0.03580133616924286,
0.036029618233442307,
0.03638271614909172,
0.03574959561228752,
0.03677896782755852,
0.036142073571681976,
0.03672882914543152,
0.036366138607263565,
0.035795342177152634,
0.03570244833827019,
0.036508671939373016,
0.036793388426303864,
0.0361141636967659,
0.03695273399353027,
0.037153419107198715,
0.03676174581050873,
0.038524288684129715,
0.0381927452981472,
0.037483807653188705,
0.03719242289662361,
0.036953676491975784,
0.03632894530892372,
0.036441370844841,
0.0367063470184803,
0.03626849874854088,
0.03678354248404503,
0.036306437104940414,
0.036531511694192886,
0.03598371893167496,
0.03669948875904083,
0.036068499088287354,
0.035936079919338226,
0.03600025922060013,
0.03583822771906853,
0.036039549857378006,
0.03624388203024864,
0.03627616912126541,
0.03660310432314873,
0.03594610095024109,
0.03590526431798935,
0.03627074509859085,
0.03674160689115524,
0.03619088977575302,
0.03595893830060959,
0.0361035093665123,
0.03580036386847496,
0.035530898720026016,
0.036879897117614746,
0.03620046377182007,
0.03622358664870262,
0.03611175715923309,
0.03632822260260582,
0.03820940852165222,
0.03768467530608177,
0.03703948110342026,
0.0365532711148262,
0.036357615143060684,
0.03605183959007263,
0.03556518256664276,
0.03574252128601074,
0.03603718429803848,
0.03565641865134239,
0.03596181422472,
0.036794375628232956,
0.035656318068504333,
0.034519169479608536,
0.034965477883815765,
0.0346052348613739,
0.03533392399549484,
0.03503473475575447,
0.03429475799202919,
0.034243158996105194,
0.03480491787195206,
0.03517575189471245,
0.03493710607290268,
0.034827396273612976,
0.03498518094420433,
0.03503899648785591,
0.03540007025003433,
0.035735566169023514,
0.03556261956691742,
0.03548794612288475,
0.03605591878294945,
0.035724036395549774,
0.0355135016143322,
0.03550039976835251,
0.03538457304239273,
0.035260748118162155,
0.035714663565158844,
0.03552403673529625,
0.03543161600828171,
0.03549915552139282,
0.03565622866153717,
0.036058228462934494,
0.03551396355032921,
0.03552338853478432,
0.03568108007311821,
0.0361328087747097,
0.03614695742726326,
0.03611195832490921,
0.03561663255095482,
0.03553100675344467,
0.035976048558950424,
0.03611810877919197,
0.03561220318078995,
0.03565145656466484,
0.03591761365532875,
0.0354369692504406,
0.03555934876203537,
0.0355314165353775,
0.03543701767921448,
0.03543776273727417,
0.035499922931194305,
0.035824600607156754,
0.03566043823957443,
0.03625290095806122,
0.035972677171230316,
0.03588658571243286,
0.03581826016306877,
0.035518549382686615,
0.035494547337293625,
0.035427726805210114,
0.035314008593559265,
0.03556123375892639,
0.035308681428432465,
0.0357443168759346,
0.03511856868863106,
0.035303086042404175,
0.035236455500125885,
0.03585820272564888,
0.03597252815961838,
0.03528783842921257,
0.03556531295180321,
0.036364831030368805,
0.03575798124074936,
0.03649217635393143,
0.03630412742495537,
0.03655082732439041,
0.0368068628013134,
0.03656000643968582,
0.03702835366129875,
0.03674157336354256,
0.03671600669622421,
0.036626894026994705,
0.036273423582315445,
0.036911576986312866,
0.03650319203734398,
0.03708595037460327,
0.03666099160909653,
0.037118371576070786,
0.03732173517346382,
0.03739021718502045,
0.03717191889882088,
0.036992937326431274,
0.03700753673911095,
0.037227269262075424,
0.037351321429014206,
0.03708665817975998,
0.03699230030179024,
0.03694871813058853,
0.037554189562797546,
0.037359777837991714,
0.0369366891682148,
0.03676837682723999,
0.03730566427111626,
0.036803245544433594,
0.03645449876785278,
0.0368020199239254,
0.03655511885881424,
0.03642914444208145,
0.036405399441719055,
0.03643994405865669,
0.036509159952402115,
0.0380585640668869,
0.03747418522834778,
0.03673648461699486,
0.03695417940616608,
0.037677325308322906,
0.03752133622765541,
0.03677806258201599,
0.03715349733829498,
0.037287645041942596,
0.03697475790977478,
0.037053052335977554,
0.036781810224056244,
0.036601077765226364,
0.03721253201365471,
0.037731874734163284,
0.036954671144485474,
0.03686968982219696,
0.03688982501626015,
0.03686309978365898,
0.037069763988256454,
0.0374496765434742,
0.03723868727684021,
0.03682167828083038,
0.03704658895730972,
0.03653769940137863,
0.0365184023976326,
0.03691796958446503,
0.036957040429115295,
0.03743631765246391,
0.037197668105363846,
0.03732862323522568,
0.03850451856851578,
0.037832777947187424,
0.037771258503198624,
0.03756273165345192,
0.03731084614992142,
0.03695926442742348,
0.036881979554891586,
0.03661885857582092,
0.03658974543213844,
0.03711441904306412,
0.036982499063014984,
0.037107471376657486,
0.03677185997366905,
0.03723352774977684,
0.03692949563264847,
0.03715834394097328,
0.03744493052363396,
0.038237687200307846,
0.038029175251722336,
0.037491731345653534,
0.03784908726811409,
0.03715520724654198,
0.03618861734867096,
0.03593521565198898,
0.03586043789982796,
0.03609955683350563,
0.036063991487026215,
0.03589322045445442,
0.03585973381996155,
0.035737842321395874,
0.0360797680914402,
0.03590964525938034,
0.03654942661523819,
0.036165978759527206,
0.036561403423547745,
0.0363997258245945,
0.03612202778458595,
0.03667699918150902,
0.03576439246535301,
0.03565482795238495,
0.036103129386901855,
0.0362982451915741,
0.03589184954762459,
0.035765230655670166,
0.03567764535546303,
0.03703809157013893,
0.03627857565879822,
0.03545283153653145,
0.03585369512438774,
0.03701077029109001,
0.03627174347639084,
0.035841844975948334,
0.03562092036008835,
0.03675438463687897,
0.03690788149833679,
0.03632802516222,
0.035460926592350006,
0.03543763980269432,
0.03614562749862671,
0.03560756519436836,
0.03563978523015976,
0.03631022572517395,
0.03569954261183739,
0.035874832421541214,
0.036486584693193436,
0.03586168587207794,
0.035794470459222794,
0.036780163645744324,
0.036114998161792755,
0.03603712469339371,
0.036677293479442596,
0.0363604873418808,
0.03744293376803398,
0.03677907958626747,
0.035755325108766556,
0.0356258898973465,
0.036108508706092834,
0.03670942410826683,
0.03629545122385025,
0.035996947437524796,
0.03628590330481529,
0.035786066204309464,
0.036616455763578415,
0.03605647012591362,
0.036046646535396576,
0.03574564307928085,
0.03599976375699043,
0.036378033459186554,
0.036172814667224884,
0.03702295944094658,
0.03700166195631027,
0.03626328334212303,
0.03626208379864693,
0.03819695860147476,
0.03737160935997963,
0.03677094727754593,
0.036024924367666245,
0.03679683059453964,
0.037529394030570984,
0.0368119515478611,
0.036455608904361725,
0.036932650953531265,
0.036061372607946396,
0.035786937922239304,
0.03579491376876831,
0.03681275621056557,
0.03626387566328049,
0.03678938373923302,
0.03630515933036804,
0.03591949865221977,
0.03690993785858154,
0.036444541066884995,
0.03586020693182945,
0.03609416261315346,
0.03631056845188141,
0.03588661924004555,
0.03606651723384857,
0.03698932006955147,
0.03640241548418999,
0.03690718486905098,
0.03724997118115425,
0.036486998200416565,
0.036667998880147934,
0.03693421185016632,
0.036840736865997314,
0.036321595311164856,
0.03618213161826134,
0.03588259220123291,
0.03652539849281311,
0.03572215512394905,
0.03555380180478096,
0.03561205789446831,
0.03573897108435631,
0.035723913460969925,
0.035407546907663345,
0.036273133009672165,
0.035671185702085495,
0.035557426512241364,
0.03724217787384987,
0.03682650253176689,
0.035894691944122314,
0.03642093762755394,
0.03560769930481911,
0.03627348691225052,
0.03584248200058937,
0.03603890910744667,
0.035908058285713196,
0.036375097930431366,
0.03570972755551338,
0.03629278391599655,
0.036224380135536194,
0.03631375730037689,
0.03617056831717491,
0.03667233884334564,
0.036684583872556686,
0.03682546690106392,
0.03639950230717659,
0.036327820271253586,
0.03589556738734245,
0.0361173190176487,
0.03593612462282181,
0.036293771117925644,
0.03617313504219055,
0.03616691380739212,
0.03602619469165802,
0.036161091178655624,
0.03624000772833824,
0.03625296801328659,
0.03670104593038559,
0.03669173642992973,
0.036831364035606384,
0.03614099696278572,
0.03715664520859718,
0.03651760146021843,
0.03626568987965584,
0.0365460067987442,
0.036504536867141724,
0.03639756143093109,
0.03676224499940872,
0.03664867952466011,
0.03855393826961517,
0.038385916501283646,
0.038682419806718826,
0.03805801272392273,
0.037214815616607666,
0.036398593336343765,
0.03657600283622742,
0.03625071421265602,
0.036728765815496445,
0.03669482842087746,
0.03594360873103142,
0.035761378705501556,
0.03606206178665161,
0.03581211715936661,
0.036608122289180756,
0.03576189652085304,
0.03610209375619888,
0.03605581820011139,
0.03735778480768204,
0.036765359342098236,
0.03643563389778137,
0.036222606897354126,
0.03695548325777054,
0.03670196235179901,
0.03663194179534912,
0.036654189229011536,
0.03653452917933464,
0.03740653023123741,
0.03778034821152687,
0.03675688058137894,
0.0363188162446022,
0.03656970337033272,
0.0366065613925457,
0.03642446547746658,
0.036152295768260956,
0.0358930379152298,
0.036263905465602875,
0.03636404499411583,
0.03618963807821274,
0.035896703600883484,
0.03597847744822502,
0.03602512925863266,
0.03659024462103844,
0.03609624132514,
0.037226602435112,
0.037107136100530624,
0.03774845600128174,
0.037550222128629684,
0.03722860664129257,
0.03739139810204506,
0.037434328347444534,
0.036934904754161835,
0.03724362328648567,
0.03782731294631958,
0.03827005624771118,
0.037206877022981644,
0.03956803306937218,
0.039072345942258835,
0.03813524916768074,
0.037195898592472076,
0.036519069224596024,
0.036400217562913895,
0.035946525633335114,
0.0358278825879097,
0.035921331495046616,
0.036358341574668884,
0.035927530378103256,
0.03652927652001381,
0.036660633981227875,
0.036398183554410934,
0.03647194057703018,
0.036636192351579666,
0.03738078847527504,
0.036477427929639816,
0.036430586129426956,
0.036559462547302246,
0.03645407781004906,
0.03639093041419983,
0.036268409341573715,
0.03690391778945923,
0.037291817367076874,
0.037066005170345306,
0.037187714129686356,
0.037069059908390045,
0.03711455315351486,
0.03706350922584534,
0.03714302182197571,
0.03768390417098999,
0.037365492433309555,
0.03723979368805885,
0.037678319960832596,
0.03733384236693382,
0.03818834573030472,
0.03828589245676994,
0.03771555423736572,
0.038096677511930466,
0.03761748969554901,
0.03740253672003746,
0.03762860223650932,
0.037135373800992966,
0.03781861066818237,
0.037322286516427994,
0.037120915949344635,
0.03717297315597534,
0.0377073809504509,
0.0367855429649353,
0.03709108754992485,
0.036834947764873505,
0.038192085921764374,
0.03796729817986488,
0.037341199815273285,
0.038233235478401184,
0.0373150110244751,
0.036940138787031174,
0.037223685532808304,
0.037119802087545395,
0.03713562712073326,
0.03744538873434067,
0.03722519055008888,
0.03720226511359215,
0.03791986405849457,
0.037635207176208496,
0.037161972373723984,
0.03722985461354256,
0.03726968169212341,
0.03744295611977577,
0.03803762421011925,
0.03767387941479683,
0.03757714107632637,
0.037496984004974365,
0.0376809686422348,
0.03801535442471504,
0.038056980818510056,
0.03712161257863045,
0.03862429037690163,
0.03849268704652786,
0.037486787885427475,
0.03751426935195923,
0.03721391782164574,
0.03716052696108818,
0.03702012449502945,
0.03750108927488327,
0.037316158413887024,
0.03759872913360596,
0.03792084753513336,
0.03771495446562767,
0.03776486590504646,
0.037856150418519974,
0.03785835579037666,
0.03836265951395035,
0.03851436451077461,
0.03828512132167816,
0.038077034056186676,
0.03825951740145683,
0.03868315741419792,
0.03830016776919365,
0.038247741758823395,
0.038360413163900375,
0.03804401680827141,
0.03839902579784393,
0.039082784205675125,
0.03977096453309059,
0.038831062614917755,
0.040118031203746796,
0.03949239104986191,
0.03870486095547676,
0.03977343067526817,
0.0386163555085659,
0.03748856857419014,
0.037543680518865585,
0.03810778632760048,
0.03746819868683815,
0.03838449344038963,
0.037740014493465424,
0.038357313722372055,
0.03811457008123398,
0.03960002586245537,
0.03935728594660759,
0.03830622509121895,
0.0383673757314682,
0.04041434824466705,
0.03999974951148033,
0.03872190788388252,
0.03836929425597191,
0.03834836184978485,
0.03796916455030441,
0.03797009214758873,
0.03795149177312851,
0.03796898201107979,
0.038005031645298004,
0.037778329104185104,
0.03840940073132515,
0.03819844499230385,
0.03801940754055977,
0.0380852036178112,
0.03794525936245918,
0.03980151563882828,
0.03927209600806236,
0.038333915174007416,
0.0381680466234684,
0.0376383475959301,
0.03792693838477135,
0.03767964616417885,
0.03731001541018486,
0.03865494206547737,
0.037865761667490005,
0.03801429644227028,
0.03762098401784897,
0.03746595233678818,
0.038615547120571136,
0.03753776103258133,
0.037564367055892944,
0.037516310811042786,
0.03752667456865311,
0.037546612322330475,
0.03760614991188049,
0.03767042234539986,
0.038306135684251785,
0.03800060972571373,
0.03782696649432182,
0.03764836862683296,
0.03817756846547127,
0.03860693424940109,
0.038917578756809235,
0.038461748510599136,
0.03924446925520897,
0.038332611322402954,
0.03929803892970085,
0.03856760263442993,
0.03842128813266754,
0.038285285234451294,
0.03877507150173187,
0.03962316736578941,
0.038467470556497574,
0.038097236305475235,
0.038182713091373444,
0.037413615733385086,
0.03831729292869568,
0.03862001374363899,
0.03934285789728165,
0.03845353052020073,
0.03855505213141441,
0.0390760600566864,
0.0395946204662323,
0.03933487460017204,
0.03882429748773575,
0.038380805402994156,
0.03821227326989174,
0.03808920830488205,
0.03730332478880882,
0.037679433822631836,
0.037377722561359406,
0.03761085867881775,
0.03775142505764961,
0.03750229626893997,
0.03761479631066322,
0.03852836415171623,
0.0376812107861042,
0.03744353726506233,
0.038093388080596924,
0.03772091493010521,
0.03779354691505432,
0.0391891784965992,
0.03835872933268547,
0.038348015397787094,
0.03895971179008484,
0.039329610764980316,
0.03903692215681076,
0.040280260145664215,
0.03940209373831749,
0.03933965787291527,
0.03877591714262962,
0.038521554321050644,
0.03917575627565384,
0.038139548152685165,
0.038432709872722626,
0.038664259016513824,
0.03911898285150528,
0.03854440152645111,
0.038972191512584686,
0.03808141127228737,
0.03780541196465492,
0.0380905345082283,
0.03789917379617691,
0.03811286762356758,
0.03899926319718361,
0.03857584297657013,
0.037861090153455734,
0.038179319351911545,
0.03979390859603882,
0.03950207307934761,
0.038277097046375275,
0.03829742595553398,
0.03810169920325279,
0.03849025070667267,
0.03908402845263481,
0.04104743152856827,
0.0398818701505661,
0.03877948969602585,
0.03850953280925751,
0.038574330508708954,
0.03875652700662613,
0.038822561502456665,
0.03856291621923447,
0.03861473873257637,
0.03845388814806938,
0.03851010277867317,
0.0391484797000885,
0.03881344199180603,
0.03856625035405159,
0.038483213633298874,
0.03950299322605133,
0.03920399770140648,
0.03908476606011391,
0.038611628115177155,
0.03837750107049942,
0.03836320340633392,
0.03910583257675171,
0.038560427725315094,
0.039628367871046066,
0.038884226232767105,
0.03893003240227699,
0.03897201642394066,
0.040037110447883606,
0.04029794782400131,
0.039120834320783615,
0.04035492241382599,
0.04261292144656181,
0.04109126329421997,
0.03998211398720741,
0.03971656411886215,
0.03950854763388634,
0.040734197944402695,
0.03979300707578659,
0.03856261074542999,
0.03871748223900795,
0.038375694304704666,
0.03819674998521805,
0.03820353373885155,
0.0386442206799984,
0.038140565156936646,
0.038032807409763336,
0.03737057372927666,
0.03758316859602928,
0.03965930640697479,
0.038380470126867294,
0.03708890452980995,
0.037258513271808624,
0.03798852115869522,
0.03723455220460892,
0.0373837910592556,
0.03701484203338623,
0.037497054785490036,
0.037341613322496414,
0.037490930408239365,
0.03778713941574097,
0.03762633726000786,
0.03740804269909859,
0.03763561323285103,
0.03895967826247215,
0.0390617661178112,
0.03792775049805641,
0.039497777819633484,
0.03896338865160942,
0.038696397095918655,
0.040007635951042175,
0.03872183337807655,
0.038655661046504974,
0.038584429770708084,
0.03845693916082382,
0.039065491408109665,
0.039804648607969284,
0.0385538786649704,
0.03954707458615303,
0.038815468549728394,
0.0406607910990715,
0.03979295864701271,
0.040037404745817184,
0.040524277836084366,
0.0399714820086956,
0.03935760632157326,
0.040040429681539536,
0.040612708777189255,
0.03938901796936989,
0.04093180596828461,
0.04142741113901138,
0.039957981556653976,
0.0395679846405983,
0.04246046021580696,
0.04145184904336929,
0.039775550365448,
0.03928430750966072,
0.03856978192925453,
0.03918662667274475,
0.039237234741449356,
0.03906470909714699,
0.0407838337123394,
0.04048994928598404,
0.039221152663230896,
0.03950192406773567,
0.041148841381073,
0.040410999208688736,
0.03915053978562355,
0.03995823487639427,
0.039397165179252625,
0.03988063707947731,
0.039482131600379944,
0.03940761461853981,
0.04126407951116562,
0.04073871672153473,
0.039524178951978683,
0.03948838636279106,
0.039689548313617706,
0.03959893062710762,
0.04084203019738197,
0.03957634046673775,
0.040500707924366,
0.0395243763923645,
0.04150260239839554,
0.03946566954255104,
0.04121492803096771,
0.03968869149684906,
0.039899494498968124,
0.03911587595939636,
0.03943493217229843,
0.03984852507710457,
0.039390601217746735,
0.040597643703222275,
0.04048805683851242,
0.0401286706328392,
0.04111802205443382,
0.03985220193862915,
0.04113548621535301,
0.04073568433523178,
0.04014173150062561,
0.040051281452178955,
0.039961472153663635,
0.04030739516019821,
0.0409192256629467,
0.04012146219611168,
0.04023068770766258,
0.04015716165304184,
0.04028598964214325,
0.040823567658662796,
0.04013042896986008,
0.03998928517103195,
0.040004730224609375,
0.04046287760138512,
0.04166877642273903,
0.04139825701713562,
0.04143320769071579,
0.04117332398891449,
0.04151212424039841,
0.040670741349458694,
0.0409027636051178,
0.04236699268221855,
0.0411120280623436,
0.04201560094952583,
0.041414935141801834,
0.04126040264964104,
0.0416615791618824,
0.04267740622162819,
0.041552573442459106,
0.04120844602584839,
0.04285562038421631,
0.042571671307086945,
0.041369255632162094,
0.04100111499428749,
0.04226670786738396,
0.04045703634619713,
0.0395120270550251,
0.03936291113495827,
0.039037734270095825,
0.039020147174596786,
0.040087562054395676,
0.040561243891716,
0.0412355400621891,
0.04082987830042839,
0.0428546667098999,
0.043064337223768234,
0.04170504957437515,
0.042409736663103104,
0.044544197618961334,
0.04401344805955887,
0.045152392238378525,
0.045695312321186066,
0.04445534572005272,
0.04382055252790451,
0.04266165941953659,
0.04165899381041527,
0.042077288031578064,
0.04135541245341301,
0.04126281663775444,
0.041916828602552414,
0.04152202606201172,
0.04149759188294411,
0.0412057563662529,
0.04073284938931465,
0.04207965359091759,
0.04339425265789032,
0.04250507801771164,
0.04173072427511215,
0.0417175218462944,
0.042164769023656845,
0.0417453870177269,
0.043982330709695816,
0.04225708916783333,
0.04403053596615791,
0.04348774254322052,
0.04194414243102074,
0.0413125604391098,
0.04164435341954231,
0.04137449711561203,
0.04406515881419182,
0.04363195225596428,
0.041980475187301636,
0.041449788957834244,
0.040845517069101334,
0.04149046167731285,
0.04047955572605133,
0.04113881662487984,
0.04293384402990341,
0.04100056365132332,
0.04089197888970375,
0.040970612317323685,
0.04096657782793045,
0.043176356703042984,
0.043610457330942154,
0.042225826531648636,
0.042475275695323944,
0.04227350279688835,
0.04222354665398598,
0.04226962849497795,
0.04220429062843323,
0.042597703635692596,
0.04234642907977104,
0.042147986590862274,
0.04312758892774582,
0.04307997599244118,
0.045340195298194885,
0.04480671510100365,
0.04425128176808357,
0.0440497063100338,
0.04298456758260727,
0.042547523975372314,
0.04472621902823448,
0.04350285604596138,
0.043357040733098984,
0.042925190180540085,
0.04392813518643379,
0.0423412099480629,
0.04256569221615791,
0.04260477051138878,
0.04408129304647446,
0.04234158247709274,
0.042604051530361176,
0.04402240365743637,
0.04301070794463158,
0.04320830479264259,
0.043225936591625214,
0.043083127588033676,
0.042923737317323685,
0.04268079251050949,
0.04304560646414757,
0.04333195462822914,
0.0427246056497097,
0.04245569556951523,
0.043098315596580505,
0.04316642880439758,
0.04321607947349548,
0.043976590037345886,
0.04350505769252777,
0.04402358457446098,
0.043146103620529175,
0.04295025020837784,
0.04284999519586563,
0.04288778454065323,
0.04585742577910423,
0.044808488339185715,
0.04396506026387215,
0.043156735599040985,
0.043490707874298096,
0.0434705913066864,
0.045341022312641144,
0.04483130946755409,
0.04465796425938606,
0.043569166213274,
0.04470226168632507,
0.0439850352704525,
0.04440316557884216,
0.04553351178765297,
0.04351884499192238,
0.046861432492733,
0.045584049075841904,
0.04382000118494034,
0.04344640299677849,
0.0437774732708931,
0.04524947330355644,
0.043764129281044006,
0.04486345127224922,
0.04428887739777565,
0.044443435966968536,
0.04421793669462204,
0.04473365098237991,
0.044744834303855896,
0.04492764547467232,
0.04444747790694237,
0.044443678110837936,
0.043981876224279404,
0.04378354176878929,
0.04426739737391472,
0.04546172544360161,
0.0436224602162838,
0.043598245829343796,
0.043575044721364975,
0.04349350556731224,
0.043453365564346313,
0.04348914697766304,
0.04376527667045593,
0.04438250511884689,
0.045765236020088196,
0.04598219320178032,
0.04502333700656891,
0.045390475541353226,
0.043489985167980194,
0.043583471328020096,
0.04332682117819786,
0.04474317654967308,
0.04469304159283638,
0.045009009540081024,
0.04425358027219772,
0.044596027582883835,
0.04515606537461281,
0.04412735253572464,
0.04515921324491501,
0.04574750363826752,
0.04385986551642418,
0.04385095089673996,
0.044510405510663986,
0.04385450854897499,
0.04414476454257965,
0.04365121200680733,
0.04596463218331337,
0.0455448180437088,
0.04352164641022682,
0.043417252600193024,
0.0438452810049057,
0.04723057150840759,
0.046525709331035614,
0.044666729867458344,
0.04562259465456009,
0.04657721519470215,
0.044481661170721054,
0.04407959058880806,
0.04395672678947449,
0.043724916875362396,
0.043725091964006424,
0.04398757219314575,
0.044636957347393036,
0.043762847781181335,
0.04333791881799698,
0.044987753033638,
0.04266856983304024,
0.04254698008298874,
0.04379007965326309,
0.045168664306402206,
0.044128358364105225,
0.042937714606523514,
0.04712391272187233,
0.045174017548561096,
0.043123047798871994,
0.04279322177171707,
0.04346303641796112,
0.0447673574090004,
0.042926959693431854,
0.042750097811222076,
0.04344046115875244,
0.04367328807711601,
0.044148024171590805,
0.04543939232826233,
0.04592142626643181,
0.0440179742872715,
0.043573178350925446,
0.03604533523321152,
0.03585509955883026,
0.035930875688791275,
0.03580552339553833,
0.03709155321121216,
0.03653233125805855,
0.03601713478565216,
0.03953415900468826,
0.04181630164384842,
0.03931641951203346,
0.04138172045350075,
0.04161548987030983,
0.039831824600696564,
0.0422782301902771,
0.04008249565958977,
0.040921155363321304,
0.041718412190675735,
0.039965055882930756,
0.04064638540148735,
0.038829438388347626,
0.04152728244662285,
0.0389234758913517,
0.038597166538238525,
0.03920973464846611,
0.038125988095998764,
0.038795582950115204,
0.037866514176130295,
0.03941352665424347,
0.038993820548057556,
0.04026006907224655,
0.04137587919831276,
0.044034652411937714,
0.042147308588027954,
0.04026790335774422,
0.03793904930353165,
0.03896334022283554,
0.03738826513290405,
0.03740154579281807,
0.04595772549510002,
0.04955693334341049,
0.047716934233903885,
0.04542183130979538,
0.04312757030129433,
0.04154422506690025,
0.040336329489946365,
0.04166940599679947,
0.04088425263762474,
0.03955135494470596,
0.03837515413761139,
0.039266519248485565,
0.037557315081357956,
0.0366642065346241,
0.03582194820046425,
0.035438474267721176,
0.03545152023434639,
0.03685658052563667,
0.03786174952983856,
0.03731798380613327,
0.04443562775850296,
0.041277140378952026,
0.03893733024597168,
0.036635249853134155,
0.040687594562768936,
0.03874766081571579,
0.036776863038539886,
0.040704213082790375,
0.038132697343826294,
0.035548631101846695,
0.03525694087147713,
0.0350714847445488,
0.03765680640935898,
0.03782661631703377,
0.03594338148832321,
0.03546234965324402,
0.035853128880262375,
0.03528224676847458,
0.03502632677555084,
0.034858059138059616,
0.03470559045672417,
0.03484281897544861,
0.034598808735609055,
0.03526569530367851,
0.034870244562625885,
0.035941336303949356,
0.035958729684352875,
0.033934589475393295,
0.03402366861701012,
0.034243129193782806,
0.03414115682244301,
0.03454875946044922,
0.03798647224903107,
0.03635036572813988,
0.03498734161257744,
0.03614724054932594,
0.034057117998600006,
0.03494643047451973,
0.035794448107481,
0.03481195867061615,
0.03479102998971939,
0.03511840105056763,
0.033773377537727356,
0.03522353991866112,
0.034388549625873566,
0.03478487581014633,
0.03551505506038666,
0.03570897504687309,
0.03808678686618805,
0.03608788922429085,
0.03456524759531021,
0.03374767303466797,
0.03402651101350784,
0.03481623902916908,
0.03351882845163345,
0.033722955733537674,
0.03424724563956261,
0.03395447880029678,
0.03434695303440094,
0.03424369916319847,
0.03363872691988945,
0.03430478274822235,
0.0343739353120327,
0.03396454080939293,
0.03382296487689018,
0.03589874133467674,
0.03554436191916466,
0.03927206993103027,
0.03792084380984306,
0.03819793090224266,
0.03620700165629387,
0.039446063339710236,
0.03657343611121178,
0.038126345723867416,
0.037811070680618286,
0.03617476299405098,
0.03647768497467041,
0.0359748974442482,
0.03555303066968918,
0.03605550155043602,
0.03732592612504959,
0.036588676273822784,
0.036110952496528625,
0.03610852360725403,
0.03558747470378876,
0.03543177247047424,
0.03397857025265694,
0.03533315286040306,
0.0347680039703846,
0.03608519583940506,
0.03500781208276749,
0.034972481429576874,
0.03686441108584404,
0.03576608747243881,
0.03690825030207634,
0.036776818335056305,
0.037175606936216354,
0.03752638399600983,
0.03786841779947281,
0.036684874445199966,
0.036703530699014664,
0.03655729442834854,
0.03637966141104698,
0.03604329377412796,
0.03606903925538063,
0.036877505481243134,
0.03568282723426819,
0.035611871629953384,
0.03729623183608055,
0.03688075765967369,
0.037633515894412994,
0.03706977888941765,
0.036484163254499435,
0.036068323999643326,
0.03760560601949692,
0.041744817048311234,
0.03858404606580734,
0.03874345123767853,
0.03972700238227844,
0.03964010998606682,
0.03843802586197853,
0.041402287781238556,
0.04089770466089249,
0.03936486691236496,
0.0398547500371933,
0.03950142487883568,
0.039291128516197205,
0.04052886739373207,
0.039178818464279175,
0.038179803639650345,
0.038147732615470886,
0.03888832777738571,
0.03792219236493111,
0.037910204380750656,
0.042267583310604095,
0.03894960507750511,
0.03849010914564133,
0.03553825989365578,
0.0353376641869545,
0.036194417625665665,
0.03519124165177345,
0.03569141775369644,
0.03557698801159859,
0.03511727228760719,
0.03594966232776642,
0.03582453355193138,
0.036840323358774185,
0.036240026354789734,
0.03442549705505371,
0.03578384965658188,
0.04467341676354408,
0.04094943031668663,
0.03860777989029884,
0.03525669127702713,
0.03415169194340706,
0.03448589891195297,
0.035145558416843414,
0.03630596399307251,
0.034244850277900696,
0.034821026027202606,
0.034279316663742065,
0.03373569995164871,
0.03362802788615227,
0.03455562889575958,
0.033828239887952805,
0.03326069936156273,
0.0335875041782856,
0.0352092869579792,
0.033483728766441345,
0.0334366038441658,
0.03366732597351074,
0.036908287554979324,
0.034570932388305664,
0.033763837069272995,
0.03443855047225952,
0.042387574911117554,
0.03868057578802109,
0.035386428236961365,
0.034372761845588684,
0.03548369184136391,
0.035718243569135666,
0.03478294983506203,
0.039463017135858536,
0.03628351539373398,
0.036302849650382996,
0.03404403105378151,
0.03396143019199371,
0.04389241337776184,
0.041367050260305405,
0.035548437386751175,
0.03527382016181946,
0.036686304956674576,
0.03638282045722008,
0.03557136282324791,
0.037666432559490204,
0.03476588428020477,
0.03963986784219742,
0.03442465513944626,
0.034603193402290344,
0.03343731537461281,
0.03298839181661606,
0.03442809730768204,
0.034342434257268906,
0.03382304310798645,
0.034988563507795334,
0.0341801643371582,
0.037557974457740784,
0.0342230387032032,
0.03414861485362053,
0.033683013170957565,
0.034826263785362244,
0.03721579164266586,
0.03468641638755798,
0.034492701292037964,
0.03654992952942848,
0.0364580973982811,
0.03609904274344444,
0.048011280596256256,
0.042359162122011185,
0.036070436239242554,
0.036265645176172256,
0.03360815718770027,
0.036071695387363434,
0.034210436046123505,
0.036607567220926285,
0.03322969004511833,
0.033132173120975494,
0.033770158886909485,
0.03202827647328377,
0.03272711858153343,
0.032526109367609024,
0.038651637732982635,
0.04132605716586113,
0.03956538438796997,
0.03981480002403259,
0.03835281357169151,
0.04159904271364212,
0.04011060670018196,
0.040932100266218185,
0.04594710096716881,
0.04735265672206879,
0.04411885887384415,
0.04310552030801773,
0.043885067105293274,
0.0451626293361187,
0.04417254030704498,
0.0422249399125576,
0.044754743576049805,
0.04417373239994049,
0.04252662882208824,
0.06092580035328865,
0.05251432582736015,
0.044870443642139435,
0.055396098643541336,
0.04737473279237747,
0.043040141463279724,
0.039029981940984726,
0.039181001484394073,
0.03830672428011894,
0.040417928248643875,
0.040822435170412064,
0.0368950292468071,
0.03648969903588295,
0.03776543214917183,
0.04708845540881157,
0.044369492679834366,
0.04018077254295349,
0.03855660930275917,
0.039976369589567184,
0.03982996940612793,
0.044935133308172226,
0.0434524342417717,
0.04246195778250694,
0.03970358893275261,
0.0467757023870945,
0.037629030644893646,
0.03795265778899193,
0.04237798601388931,
0.04402245581150055,
0.04460804909467697,
0.04388780519366264,
0.04370911791920662,
0.044319771230220795,
0.043941717594861984,
0.04633813351392746,
0.0425407737493515,
0.04521944373846054,
0.045452628284692764,
0.04777463153004646,
0.05509918928146362,
0.053012553602457047,
0.05362921953201294,
0.04763980209827423,
0.047449834644794464,
0.04567622020840645,
0.045932549983263016,
0.054113805294036865,
0.05923255532979965,
0.05764153599739075,
0.050014130771160126,
0.0566428042948246,
0.05939539521932602,
0.06076646223664284,
0.06144749000668526,
0.04995955154299736,
0.04927125200629234,
0.0484914556145668,
0.05232648551464081,
0.049398455768823624,
0.05964445322751999,
0.056501902639865875,
0.05042411386966705,
0.044299568980932236,
0.04543718695640564,
0.05854058638215065,
0.04888533428311348,
0.05098170414566994,
0.045335836708545685,
0.05735768377780914,
0.050704751163721085,
0.04732348769903183,
0.04723193123936653,
0.045047204941511154,
0.05834082141518593,
0.05040857568383217,
0.044455453753471375,
0.08826445788145065,
0.07101324945688248,
0.05263259634375572,
0.0583931989967823,
0.05380595475435257,
0.04364212602376938,
0.04649542644619942,
0.059342894703149796,
0.05003521591424942,
0.061391431838274,
0.05514456704258919,
0.0516965277493,
0.06176537275314331,
0.04947488754987717,
0.05891190469264984,
0.0440768264234066,
0.04549676179885864,
0.05523456633090973,
0.049741894006729126,
0.04769286513328552,
0.04965571314096451,
0.04831885173916817,
0.05903535708785057,
0.06988932937383652,
0.05201736465096474,
0.049065396189689636,
0.039849646389484406,
0.04300035163760185,
0.07606543600559235,
0.038866374641656876,
0.03851628303527832,
0.03799038752913475,
0.0373009629547596,
0.08382906019687653,
0.0365293025970459,
0.05939364433288574,
0.0470256432890892,
0.053786683827638626,
0.11358526349067688,
0.04894325137138367,
0.03425633907318115,
0.04386313632130623,
0.032917898148298264,
0.031299494206905365,
0.033080343157052994,
0.028864765539765358,
0.026544954627752304,
0.1180010586977005,
0.02473379485309124,
0.02328161895275116,
0.2180890291929245,
