Top-k confidence per step:
0.0008862500544637442,
0.0004018750914838165,
0.4048933982849121,
0.04862028732895851,
0.037198275327682495,
0.005271663889288902,
0.0001158513841801323,
0.01643429510295391,
0.022996531799435616,
0.0010494027519598603,
0.00038140604738146067,
0.28014957904815674,
0.004049050621688366,
0.4189387261867523,
0.04748848080635071,
0.049637798219919205,
0.0008335835300385952,
0.0023022897075861692,
0.20974032580852509,
0.3032079339027405,
0.29882049560546875,
0.25990787148475647,
0.19929659366607666,
0.07254074513912201,
0.09099387377500534,
0.09224820882081985,
0.00025434090639464557,
0.05637603998184204,
0.001237925374880433,
0.9059016704559326,
0.9912648797035217,
0.00905175693333149,
0.07469329982995987,
0.1536010056734085,
0.28602108359336853,
0.00033161306055262685,
0.15000876784324646,
0.0070186578668653965,
0.0599985308945179,
3.5380773624638095e-05,
0.40111657977104187,
0.0014231287641450763,
0.008704666048288345,
0.019420811906456947,
0.032116539776325226,
0.028756633400917053,
0.13487014174461365,
0.07855809479951859,
0.01800248585641384,
0.31837546825408936,
0.0015542841283604503,
0.23622019588947296,
0.0019579832442104816,
0.0014720149338245392,
0.002254635561257601,
0.13115300238132477,
0.2317524403333664,
1.154091842181515e-05,
0.005143317859619856,
0.00021885738533455878,
0.0005456777871586382,
0.020829303190112114,
0.17577336728572845,
0.003227465320378542,
0.0022014593705534935,
0.008947876282036304,
0.003041730960831046,
0.04160553216934204,
0.27844834327697754,
0.0003638664784375578,
0.03493264690041542,
0.00019685536972247064,
0.02883042022585869,
0.0003717068175319582,
0.005435801111161709,
0.00023211810912471265,
0.8057823181152344,
0.00011227947834413499,
0.9802095890045166,
0.9602577090263367,
0.9807511568069458,
0.9964955449104309,
0.9882633686065674,
0.9887131452560425,
0.9697713851928711,
0.908963143825531,
0.7923201322555542,
0.8629447221755981,
0.711683988571167,
0.3711400032043457,
0.09285089373588562,
0.16577547788619995,
0.0018608776153996587,
0.08273945748806,
0.11218997836112976,
0.00030474766390398145,
0.0015588421374559402,
0.045494355261325836,
0.004477060399949551,
0.010140461847186089,
0.14061038196086884,
0.46690258383750916,
0.3091660737991333,
0.9640322923660278,
0.05895527824759483,
0.00020741995831485838,
0.8739424347877502,
0.15862417221069336,
0.23529158532619476,
0.15338990092277527,
0.9858469367027283,
0.003648599376901984,
0.016641883179545403,
0.00027654055156745017,
0.09546496719121933,
0.6868449449539185,
0.7004345655441284,
0.3761290907859802,
0.4316317141056061,
0.0379786491394043,
0.19371788203716278,
0.0001388470845995471,
0.07028976082801819,
0.8419991135597229,
0.0007165823481045663,
0.015132138505578041,
0.013325771316885948,
3.0639173928648233e-05,
0.0004793159896507859,
0.11292876303195953,
0.0017262708861380816,
0.02263638749718666,
0.16974931955337524,
0.38923752307891846,
0.0009135055006481707,
0.0009806009475141764,
1.4265887330111582e-05,
0.007905126549303532,
0.24431465566158295,
0.0039042956195771694,
0.003055535489693284,
0.036266691982746124,
0.717156708240509,
0.5664952397346497,
0.03210534155368805,
0.0038243746384978294,
0.0005420361994765699,
7.185983122326434e-05,
1.1130222219435382e-06,
0.02484467811882496,
1.580003481649328e-05,
0.974299430847168,
0.6957035064697266,
0.0007973055471666157,
4.7681922296760604e-05,
0.004484000150114298,
0.0002585539477877319,
0.23094932734966278,
1.882307515188586e-05,
0.014029781334102154,
0.4459631145000458,
0.8320005536079407,
0.906633734703064,
0.986524224281311,
0.0002591197844594717,
0.0004681906139012426,
0.27549445629119873,
0.001330956700257957,
0.00021243563969619572,
0.00016566721023991704,
0.1506670117378235,
0.0006450031651183963,
0.08704405277967453,
0.0001910622086143121,
0.094245545566082,
0.00018577314040157944,
0.0003373806830495596,
0.017547354102134705,
0.07234461605548859,
0.00017347098037134856,
0.004172062501311302,
0.27075621485710144,
0.0002479730173945427,
0.46258071064949036,
0.012461579404771328,
0.12455237656831741,
0.0005911746993660927,
0.003739688778296113,
0.022067248821258545,
0.9702804088592529,
0.0001515288167865947,
0.020235799252986908,
0.000464083394035697,
0.0016451551346108317,
0.05242908373475075,
6.137777290859958e-06,
0.007525142282247543,
0.337485671043396,
0.2141035497188568,
0.0013298280537128448,
0.04570899158716202,
0.00010676831880118698,
0.0538964718580246,
0.009482085704803467,
0.07671374082565308,
0.0002906918234657496,
0.33042991161346436,
0.04347545653581619,
0.013692522421479225,
3.415111132198945e-05,
0.12730658054351807,
0.006639902945607901,
0.004616154823452234,
0.005255466792732477,
0.9674230217933655,
0.9264669418334961,
0.4346368610858917,
0.14305071532726288,
0.016206180676817894,
0.01423654891550541,
0.048619091510772705,
4.683546649175696e-05,
0.3177577555179596,
0.28225448727607727,
0.12472286075353622,
0.16826649010181427,
0.02502392791211605,
0.019112806767225266,
2.7618300009635277e-05,
0.5563755035400391,
5.9812893596244976e-05,
0.2261330932378769,
0.0010177204385399818,
0.11487667262554169,
0.0033218245953321457,
0.10236061364412308,
4.6090688556432724e-05,
0.014365332201123238,
0.3770918846130371,
9.288330329582095e-05,
0.4802778661251068,
0.6267431974411011,
0.0014366089599207044,
0.0017778652254492044,
0.9959033131599426,
0.0004795179993379861,
0.5792199373245239,
0.14280515909194946,
0.0005457748775370419,
0.00875385757535696,
0.3723980188369751,
0.14240844547748566,
0.0023867799900472164,
0.0025881349574774504,
0.010255341418087482,
0.007940777577459812,
0.06465234607458115,
0.008076169528067112,
0.00026607722975313663,
0.29160743951797485,
0.836738646030426,
7.948644633870572e-05,
0.970695972442627,
0.937673807144165,
0.008508333936333656,
0.011795124970376492,
0.460262656211853,
0.39636653661727905,
0.00046419838326983154,
0.04898623749613762,
0.00017535661754664034,
0.01496728602796793,
0.04496427997946739,
0.010091736912727356,
0.6705915331840515,
0.0015110154636204243,
0.0006391970091499388,
0.15728305280208588,
0.008185071870684624,
0.9859063625335693,
0.9610663652420044,
0.0008609605138190091,
0.0009901736630126834,
0.26755282282829285,
0.9915540814399719,
0.14127732813358307,
2.7887053875019774e-05,
0.9587189555168152,
0.0021065212786197662,
0.2564058303833008,
4.645914305001497e-05,
0.7238878011703491,
0.03473639488220215,
0.9643425941467285,
0.9988728165626526,
0.11829797923564911,
0.1267845332622528,
0.9921790361404419,
2.915018740168307e-06,
0.10640270262956619,
0.7551225423812866,
0.00032449825084768236,
0.7060866355895996,
0.004220401868224144,
0.007275467272847891,
0.0005135099636390805,
0.37347719073295593,
0.1658650040626526,
0.08362559974193573,
0.0403691790997982,
0.0015423874137923121,
0.19796569645404816,
0.5604928135871887,
0.0031157529447227716,
0.000190999562619254,
0.33527135848999023,
0.00048223923658952117,
0.6923848986625671,
0.0008862273534759879,
0.159091979265213,
1.6357656932086684e-05,
0.7873019576072693,
0.3285330533981323,
0.9827231168746948,
0.00032809030381031334,
0.14919385313987732,
0.07488144934177399,
0.003611397696658969,
0.7726061344146729,
0.29323527216911316,
0.00019023896311409771,
0.030323907732963562,
0.36933043599128723,
0.2236144244670868,
0.0072837164625525475,
0.6990976333618164,
0.06618691980838776,
0.0001575648202560842,
0.674059271812439,
0.2557223439216614,
0.012989350594580173,
0.9596164226531982,
0.9986862540245056,
0.0005489569739438593,
0.96574467420578,
0.9914719462394714,
0.0003133846039418131,
0.6891447305679321,
0.0068250359036028385,
0.0053211781196296215,
0.0010990726295858622,
0.0055585759691894054,
0.005436427891254425,
0.8971424102783203,
0.9377468824386597,
0.7526842355728149,
0.5871468186378479,
0.01586081087589264,
0.003957836888730526,
1.0700298844312783e-05,
0.0023793750442564487,
0.10579419881105423,
0.44600483775138855,
0.8323190808296204,
0.06322948634624481,
0.30811014771461487,
0.00016142668027896434,
9.563405001244973e-06,
0.8484256863594055,
0.056344907730817795,
0.16967402398586273,
0.0006288755685091019,
0.38112422823905945,
0.06921657174825668,
0.0012348636519163847,
0.007128657307475805,
0.49175238609313965,
0.0008413733448833227,
0.1501339226961136,
0.9856083393096924,
0.00030647305538877845,
0.04923839122056961,
0.02566954307258129,
1.7296520127274562e-06,
0.00011061341501772404,
0.04964574798941612,
0.1859118640422821,
0.0021417569369077682,
0.6917616128921509,
0.9773440957069397,
0.038497939705848694,
0.0014364157104864717,
0.005308608524501324,
0.3470224440097809,
0.00045195413986220956,
0.16508089005947113,
0.16568806767463684,
0.023744789883494377,
0.13009032607078552,
0.0085222776979208,
0.6039060354232788,
0.6000456809997559,
0.0014962722780182958,
0.40678897500038147,
0.016611779108643532,
0.9986318945884705,
0.2646384537220001,
0.5751736760139465,
0.00015250353317242116,
0.01430931780487299,
0.05239733308553696,
0.24062900245189667,
0.05382661893963814,
0.9243962168693542,
0.12333736568689346,
7.742361049167812e-06,
0.7894116640090942,
0.08768905699253082,
0.001563469646498561,
0.5826970934867859,
0.007975105196237564,
0.002982844365760684,
0.9564032554626465,
0.1830214262008667,
0.10624237358570099,
0.0004374352574814111,
0.1983739584684372,
0.35442492365837097,
0.05849592015147209,
0.00011640711454674602,
0.0011192619567736983,
0.6737772226333618,
0.20707131922245026,
0.000687055173330009,
0.0003434590471442789,
0.0007204705034382641,
0.0007031692075543106,
0.5030893087387085,
0.008690685033798218,
0.36090612411499023,
0.010491762310266495,
0.0007392243715003133,
0.0007579562952741981,
0.002742324024438858,
0.0006324796704575419,
0.0036575624253600836,
0.04992949590086937,
0.6785607933998108,
0.00021909544011577964,
0.8431304693222046,
0.1875154972076416,
0.039688318967819214,
0.05665929615497589,
0.7022507190704346,
0.002492584055289626,
0.002129010623320937,
0.3855751156806946,
0.4483124911785126,
0.000558579689823091,
0.8121524453163147,
0.3051639199256897,
0.011085807345807552,
0.0004355421697255224,
0.009208555333316326,
0.06694731116294861,
0.22863008081912994,
0.008440720848739147,
0.3240588307380676,
0.009953760541975498,
0.12738701701164246,
0.00019850442185997963,
0.09628861397504807,
6.92114990670234e-05,
0.007157805375754833,
0.02740268036723137,
0.06763100624084473,
0.47989100217819214,
0.1844031810760498,
0.3950513005256653,
0.7033460140228271,
0.0024857751559466124,
0.0076044169254601,
0.8366718888282776,
0.17124199867248535,
0.09043093025684357,
0.00010455354640726,
2.3280597815755755e-05,
0.04823949187994003,
0.17122921347618103,
7.718987035332248e-06,
0.9683350324630737,
0.9974116683006287,
0.0282659400254488,
0.4621334671974182,
0.10505013167858124,
0.011217016726732254,
0.887171745300293,
0.9512932896614075,
0.006871973630040884,
0.9759989976882935,
3.3320175134576857e-06,
0.7873830199241638,
0.97160404920578,
0.02434791438281536,
3.439962165430188e-05,
0.00021437635587062687,
0.06371905654668808,
0.8743420243263245,
0.012413598597049713,
0.3458632826805115,
0.45722925662994385,
0.30407872796058655,
0.19088385999202728,
0.02017378620803356,
0.0015079658478498459,
0.020448435097932816,
0.5177385210990906,
0.4904809296131134,
0.7286391854286194,
0.0007311668014153838,
0.8197330832481384,
0.6068115234375,
0.3825964629650116,
0.98691725730896,
0.39533743262290955,
0.7178912162780762,
0.9877342581748962,
0.9884738326072693,
0.9907587766647339,
0.9973703622817993,
0.9833569526672363,
0.9856018424034119,
0.9959801435470581,
0.9832983613014221,
0.00014409824507310987,
0.0013078829506412148,
0.0018065545009449124,
0.26625144481658936,
7.167805051722098e-07,
0.3422372341156006,
0.24530109763145447,
0.0008556165848858654,
0.29413968324661255,
0.0007251420756801963,
2.0076811324543087e-06,
0.09532763063907623,
0.05063782259821892,
6.104417116148397e-05,
0.6900396943092346,
0.3015156388282776,
0.05356733873486519,
0.00047283765161409974,
0.4411008059978485,
0.08239839226007462,
0.02341521717607975,
0.003473305143415928,
0.3454558849334717,
0.9728613495826721,
0.06657560914754868,
0.3515753746032715,
0.24436360597610474,
6.988816312514246e-05,
0.9803337454795837,
0.9992129802703857,
0.00029626383911818266,
0.007390998769551516,
0.9949702620506287,
0.0002511445782147348,
0.379095196723938,
0.47274965047836304,
0.0029007759876549244,
0.9390987157821655,
0.002617250196635723,
0.9370203614234924,
3.242778984713368e-05,
0.967616856098175,
0.04709308594465256,
0.006517037283629179,
0.07521050423383713,
0.005498535931110382,
5.0139427912654355e-05,
0.12432356178760529,
0.00038828051765449345,
0.9693292379379272,
0.02004634216427803,
4.867818279308267e-05,
0.07104254513978958,
0.9973904490470886,
0.24058283865451813,
0.00045335874892771244,
0.29441314935684204,
0.015362091362476349,
0.0041272942908108234,
0.9918495416641235,
0.45544591546058655,
0.01307771448045969,
0.0014146944740787148,
0.0006544138304889202,
0.9960795044898987,
0.976898729801178,
0.020951954647898674,
0.7266934514045715,
0.2553112506866455,
0.055806033313274384,
0.01296509150415659,
0.07187088578939438,
0.0037333627697080374,
0.2334696650505066,
0.0006013498641550541,
0.9857634902000427,
0.9770864844322205,
0.002456621965393424,
0.10140479356050491,
0.002528764773160219,
0.855510950088501,
0.9856796860694885,
0.0005371165461838245,
0.09926873445510864,
0.001139175146818161,
0.029948828741908073,
4.7179582907119766e-05,
0.025835098698735237,
0.0019818900618702173,
0.11046487838029861,
0.00069246074417606,
0.07179104536771774,
0.0013125591212883592,
0.0001306735211983323,
0.541191041469574,
0.39866653084754944,
0.10842838138341904,
0.026231763884425163,
0.00012805269216187298,
1.7139085684902966e-05,
0.4836592376232147,
0.004196113906800747,
0.11363039165735245,
2.402453901595436e-05,
0.37920570373535156,
0.7852681875228882,
0.030151281505823135,
0.03230704739689827,
1.5802372217876837e-05,
0.552733302116394,
0.0007961872033774853,
0.8343007564544678,
0.2111213356256485,
2.2224206986720674e-05,
0.4125094711780548,
0.07008456438779831,
0.029199764132499695,
0.00270496541634202,
0.0010370103409513831,
0.0022551545407623053,
0.027256842702627182,
0.0025801456067711115,
0.04930447041988373,
0.03450097143650055,
0.015946263447403908,
0.27819839119911194,
0.012897967360913754,
0.13964621722698212,
0.28899604082107544,
0.2705605924129486,
0.1344047635793686,
0.03441726043820381,
0.009069177322089672,
0.07230377942323685,
0.14545340836048126,
0.3605669140815735,
4.6908702643122524e-05,
0.08541585505008698,
0.02686200477182865,
0.09004201740026474,
0.005509551148861647,
0.5417274832725525,
0.9981949925422668,
0.00031868115183897316,
0.00017721010954119265,
0.05323319882154465,
0.17525562644004822,
0.13279247283935547,
0.002209179103374481,
0.008094469085335732,
0.0011990732746198773,
0.023911908268928528,
0.2897462546825409,
0.16935767233371735,
0.11749354749917984,
0.4783377945423126,
0.008961277082562447,
0.0010661736596375704,
3.292150722700171e-05,
0.0077133141458034515,
0.5843575596809387,
0.4072389006614685,
0.008137909695506096,
0.39835086464881897,
0.04161575436592102,
0.001157685648649931,
0.004397963173687458,
0.011544445529580116,
0.44565993547439575,
0.009789776057004929,
0.07642977684736252,
0.0038387207314372063,
0.456245481967926,
0.05368831008672714,
0.2368183732032776,
0.12303867936134338,
0.3142906129360199,
0.10429410636425018,
0.00042754877358675003,
0.37481483817100525,
0.009644785895943642,
0.14972944557666779,
0.03385886549949646,
0.001006436999887228,
8.872058242559433e-05,
0.9916902780532837,
0.9969479441642761,
0.2949381470680237,
0.014481853693723679,
0.7759807705879211,
0.9989945292472839,
0.00017706173821352422,
0.03780529648065567,
0.43195274472236633,
0.170750230550766,
0.5549477338790894,
0.1351538896560669,
0.006945216096937656,
0.30186858773231506,
0.9984344840049744,
0.057590778917074203,
0.03692332282662392,
0.21855400502681732,
0.039365582168102264,
0.03558141365647316,
0.0002976470277644694,
0.41892480850219727,
0.010885330848395824,
0.003539842087775469,
7.423873466905206e-05,
0.003522481070831418,
0.24972347915172577,
2.4328353902092203e-05,
0.01221071183681488,
2.5714320145198144e-05,
0.05234002694487572,
0.9769353866577148,
1.1785851711465511e-05,
0.01017142552882433,
0.22149641811847687,
0.669731080532074,
0.22975653409957886,
0.03701326251029968,
0.12532228231430054,
0.00045027138548903167,
0.5226010680198669,
0.027696236968040466,
0.8305321931838989,
0.0006050034426152706,
0.37830665707588196,
0.1643136739730835,
0.017957212403416634,
0.000418678333517164,
0.011114733293652534,
0.8039774894714355,
0.0005356229958124459,
0.9918851852416992,
0.980250895023346,
0.43973714113235474,
0.018916599452495575,
0.00142864347435534,
0.4322996139526367,
0.2930248975753784,
0.17951270937919617,
0.09295947849750519,
0.007374082691967487,
0.18619851768016815,
6.226329423952848e-05,
0.007416313514113426,
7.444223592756316e-05,
0.00017943937564268708,
0.05054547265172005,
0.05091732740402222,
0.0003783946158364415,
0.26195603609085083,
0.0008067562012001872,
0.00045828899601474404,
0.359049528837204,
0.01104241143912077,
0.07431948930025101,
0.0025993825402110815,
0.9998014569282532,
0.9997300505638123,
0.001459441613405943,
0.041405607014894485,
0.9891365766525269,
0.6504826545715332,
2.891733674914576e-05,
0.012235197238624096,
0.0003564773651305586,
0.9758833050727844,
0.9732480645179749,
0.00042699050391092896,
0.12146944552659988,
0.7404864430427551,
0.003145497990772128,
0.00020326692902017385,
0.8559250235557556,
0.0007194002391770482,
0.0025387790519744158,
0.8753422498703003,
0.009976107627153397,
0.003791061695665121,
0.9702997207641602,
0.02478903718292713,
0.0007349805673584342,
0.4890275299549103,
0.05687844008207321,
0.9886506795883179,
0.9836525917053223,
0.2985658347606659,
0.0003767161106225103,
0.21217331290245056,
0.14003220200538635,
0.6176916360855103,
0.00042006876901723444,
0.8433974981307983,
0.001667591044679284,
0.9716936349868774,
0.0011020898818969727,
0.4859551191329956,
0.00032961732358671725,
0.3288520872592926,
0.006192248780280352,
0.009267809800803661,
0.6186713576316833,
0.9844144582748413,
0.00039642761112190783,
1.5258295206876937e-05,
0.9892740845680237,
0.8030543923377991,
0.8412032127380371,
9.288550791097805e-05,
0.015916937962174416,
0.8019950985908508,
0.6151535511016846,
0.25776949524879456,
0.9937329888343811,
0.21116261184215546,
0.009327705018222332,
0.0014526353916153312,
0.8339064717292786,
3.595442103687674e-05,
0.7977904081344604,
0.4864007830619812,
0.00047011676360853016,
0.8803890943527222,
0.6894872784614563,
0.19762027263641357,
0.026367440819740295,
0.0009638398769311607,
0.0899009257555008,
0.006006727926433086,
0.9606127142906189,
0.01648549549281597,
0.025979191064834595,
0.933804452419281,
0.05339011549949646,
5.0701921281870455e-05,
0.3061442971229553,
0.7282981276512146,
0.25443512201309204,
0.20445027947425842,
0.17554344236850739,
0.9970828890800476,
0.001543760416097939,
0.05750957131385803,
0.049990881234407425,
0.010053195059299469,
0.1353587657213211,
0.000464021839434281,
0.9282354712486267,
0.20777462422847748,
2.17779197555501e-05,
0.8043623566627502,
0.9131772518157959,
0.30451029539108276,
0.9977027773857117,
0.006478800904005766,
0.7181191444396973,
0.000323708780342713,
0.319475382566452,
0.28476569056510925,
0.14531494677066803,
0.005155124701559544,
0.2519535720348358,
0.010270488448441029,
0.08156813681125641,
0.003742301370948553,
0.5132871866226196,
0.5818559527397156,
0.0649915263056755,
0.7316253781318665,
0.3196607530117035,
0.015252528712153435,
0.2111840695142746,
0.005992170888930559,
0.05193739011883736,
0.003075402695685625,
0.22743625938892365,
0.010251078754663467,
0.024230539798736572,
0.013826240785419941,
0.0001820519973989576,
0.018556751310825348,
0.017783107236027718,
0.4764043688774109,
0.00013727166515309364,
0.03243650496006012,
0.283101886510849,
0.008708375506103039,
0.001001444412395358,
0.006777651142328978,
0.22612766921520233,
0.4281243085861206,
0.0001977701613213867,
0.8267449140548706,
0.7423043251037598,
0.010656459257006645,
0.9891902208328247,
0.1872304528951645,
0.0020731904078274965,
0.38792067766189575,
0.07215140014886856,
0.7803948521614075,
0.807074248790741,
0.2711701989173889,
3.280802729932475e-06,
0.061036042869091034,
0.08546747267246246,
0.9945567846298218,
0.00013801531167700887,
0.43527713418006897,
0.03203893452882767,
4.7881614591460675e-05,
0.41016602516174316,
0.30400392413139343,
0.00018462486332282424,
0.5670725703239441,
0.3258211016654968,
0.00675419345498085,
0.30727091431617737,
0.004106758628040552,
0.0025879456661641598,
0.9960533380508423,
0.13902145624160767,
0.09785351902246475,
0.40585047006607056,
0.07309051603078842,
0.007954852655529976,
0.011343409307301044,
0.00010351404489483684,
0.129586860537529,
0.0334695428609848,
0.09617135673761368,
0.11028788983821869,
5.00016085425159e-06,
0.024230146780610085,
0.6653009653091431,
0.014142845757305622,
0.0009754865313880146,
0.026354633271694183,
2.9725048079853877e-05,
0.15823371708393097,
1.822053309297189e-05,
0.0001956070336746052,
0.011631961911916733,
3.265572740929201e-05,
0.00037326078745536506,
0.489484041929245,
0.9790126085281372,
0.29469791054725647,
0.9655417203903198,
0.9995393753051758,
0.9903814196586609,
0.9814043045043945,
0.20127573609352112,
0.34528350830078125,
0.244362011551857,
0.006490812171250582,
0.002517986809834838,
0.6455627083778381,
0.18732814490795135,
0.056350257247686386,
0.7332191467285156,
0.0022033099085092545,
0.030208248645067215,
0.011278048157691956,
0.9720627665519714,
0.023597080260515213,
0.027316614985466003,
0.011406349018216133,
0.14921976625919342,
0.1881602257490158,
0.021849701181054115,
0.5485209822654724,
0.48246315121650696,
0.03460761159658432,
0.031877122819423676,
0.2665189802646637,
0.16079987585544586,
0.0593872033059597,
0.008087746798992157,
0.6514225602149963,
0.12597879767417908,
0.12465786933898926,
0.32381904125213623,
7.891849963925779e-05,
0.053588222712278366,
0.09219580143690109,
1.3120335097482894e-05,
0.0004838138702325523,
0.0008812398882582784,
0.013114183209836483,
0.03674810007214546,
0.0009019407443702221,
0.5143271088600159,
0.028902718797326088,
0.001129473326727748,
0.07891497761011124,
0.8811485171318054,
0.03316710144281387,
0.005669854115694761,
0.0003764734137803316,
0.8250584602355957,
0.752485454082489,
9.425380085303914e-06,
0.15998810529708862,
0.3021499216556549,
0.00038078174111433327,
0.030941449105739594,
0.009212006814777851,
0.002917337231338024,
0.0019138329662382603,
0.21728572249412537,
0.0014712612610310316,
2.5503486540401354e-05,
0.5592172145843506,
0.0005070431507192552,
0.0006367095047608018,
0.0001003223514999263,
0.00037189232534728944,
0.07397544384002686,
0.11918657273054123,
0.06782089918851852,
0.0191767867654562,
0.11155828833580017,
0.0007478435873053968,
0.144236758351326,
0.009645919315516949,
0.015261804684996605,
0.98929762840271,
0.003990544937551022,
0.4364173412322998,
0.00016963452799245715,
0.0034009634982794523,
0.00039887725142762065,
0.6705030202865601,
0.3378135561943054,
0.031477902084589005,
0.03277208283543587,
0.0017805049428716302,
0.0033097299747169018,
0.20039677619934082,
0.0032547644805163145,
0.028080344200134277,
0.29063552618026733,
0.1964554339647293,
0.0023534747306257486,
0.2116510421037674,
0.5720202922821045,
0.08303741365671158,
0.1955288052558899,
0.01198198739439249,
3.509567250148393e-05,
0.0031407929491251707,
0.010291038081049919,
0.9373173713684082,
0.019797028973698616,
0.0011257794685661793,
2.252271951874718e-05,
0.002529443008825183,
0.9260194301605225,
0.12657932937145233,
0.049798693507909775,
0.15150971710681915,
0.5148545503616333,
0.01239191833883524,
0.5993691682815552,
0.02841353416442871,
0.8469334244728088,
0.006215319968760014,
0.9213330745697021,
0.9823770523071289,
7.792584074195474e-05,
0.0020784768275916576,
0.9689231514930725,
0.8547810316085815,
0.0379156693816185,
0.0008219074225053191,
0.017992617562413216,
0.028479432687163353,
0.013938597403466702,
0.018012026324868202,
0.030065858736634254,
0.04414116591215134,
0.006137324031442404,
0.3263329565525055,
0.21714571118354797,
0.16710789501667023,
0.03881961852312088,
8.878760127117857e-05,
0.7452418804168701,
0.9085525274276733,
0.2876787781715393,
0.3003199100494385,
0.0030374163761734962,
0.02159324288368225,
0.09860452264547348,
0.033293046057224274,
0.010314936749637127,
0.018395598977804184,
0.0035090583842247725,
0.2219109833240509,
9.59731187322177e-05,
0.9921033978462219,
0.2586183547973633,
0.22002504765987396,
0.04904757812619209,
0.0401359386742115,
0.037712790071964264,
0.0001011851491057314,
0.006654702592641115,
9.35379659949831e-07,
0.014750675298273563,
0.022601312026381493,
0.01950189843773842,
0.09116821736097336,
0.0004018189792986959,
0.014448627829551697,
2.6860798243433237e-05,
0.6601195931434631,
0.0004949767026118934,
0.0715554878115654,
0.29857808351516724,
0.002547483192756772,
4.698408883996308e-05,
0.38038870692253113,
0.020668867975473404,
0.20394769310951233,
0.0009514076518826187,
0.7805670499801636,
0.1972392499446869,
5.7978486438514665e-05,
0.08896736055612564,
0.8921734094619751,
0.07791513204574585,
5.469100142363459e-05,
0.00016068281547632068,
1.820156649046112e-05,
0.4969187080860138,
0.3101806640625,
0.06341075897216797,
0.0038743922486901283,
0.0008334076846949756,
0.020290575921535492,
0.09565280377864838,
0.010900449939072132,
0.17008844017982483,
0.2846122682094574,
0.1706128567457199,
0.002361366292461753,
0.819916307926178,
0.1970892697572708,
0.0027394506614655256,
0.02189592272043228,
0.08658269792795181,
0.00010893258877331391,
0.9552781581878662,
0.2416638880968094,
0.007743173744529486,
0.5747968554496765,
0.0008778709452599287,
5.654862616211176e-05,
0.8936015963554382,
0.3067053556442261,
0.21686217188835144,
0.0019039309117943048,
0.002131365705281496,
0.7761573195457458,
0.00890857819467783,
0.003841020166873932,
2.320473868167028e-05,
0.68328458070755,
0.12562936544418335,
0.04019864648580551,
0.006660301238298416,
0.001265858649276197,
0.014385818503797054,
0.015534946694970131,
0.08665067702531815,
0.6477614641189575,
0.059758733958005905,
0.09816087037324905,
0.00011822209489764646,
0.9200706481933594,
0.981844425201416,
0.20042575895786285,
0.1698649823665619,
0.046706151217222214,
0.19186195731163025,
0.001710137352347374,
0.99954754114151,
0.9998154044151306,
0.030415918678045273,
0.1264955699443817,
0.07508578151464462,
0.0006937141297385097,
0.23095452785491943,
0.009566440246999264,
0.005205092020332813,
0.09142745286226273,
0.0037995977327227592,
0.7761057615280151,
0.09965211898088455,
0.02318888157606125,
0.006082028150558472,
0.06692284345626831,
0.00015600305050611496,
0.0005231634131632745,
0.32610994577407837,
0.00496918149292469,
0.00014302137424238026,
0.6380329132080078,
2.6321227778680623e-05,
0.23231330513954163,
0.0024636073503643274,
0.18704575300216675,
0.11445315182209015,
0.8374886512756348,
0.9876989126205444,
1.7706161088426597e-05,
0.04793260619044304,
0.9862494468688965,
0.9815415143966675,
0.0050897179171442986,
0.0012358884559944272,
0.001986699178814888,
0.9415209293365479,
0.9844071865081787,
0.0063467612490057945,
0.0012349075404927135,
0.009343331679701805,
0.004534516949206591,
0.004627710673958063,
0.08045420795679092,
0.20432662963867188,
0.5659038424491882,
0.1532156765460968,
0.004775437992066145,
0.9985538125038147,
0.9996569156646729,
0.007236286532133818,
0.1230708584189415,
0.012754855677485466,
0.06442582607269287,
0.0008427903521806002,
0.07041382044553757,
0.04628763347864151,
0.14056901633739471,
0.0017968876054510474,
0.012471489608287811,
0.3067754805088043,
0.008298859000205994,
0.0016483005601912737,
0.5460663437843323,
0.9771873354911804,
0.000164945304277353,
0.6739680171012878,
0.3122817873954773,
0.0006415884126909077,
0.9778199791908264,
0.29427963495254517,
0.0028970190323889256,
0.02641698531806469,
0.016339242458343506,
0.41180986166000366,
0.9967989921569824,
1.3847828995494638e-05,
0.0030373302288353443,
0.000984334503300488,
0.8681018352508545,
0.5303573608398438,
0.009242245927453041,
0.7823205590248108,
0.6456591486930847,
0.10269126296043396,
0.8909600377082825,
0.9932604432106018,
2.3785253233654657e-06,
0.758094310760498,
0.00017262481560464948,
0.17744477093219757,
0.0028773027006536722,
2.070942719001323e-05,
0.9849207997322083,
0.3704938590526581,
0.6525113582611084,
0.00012838859402108938,
0.3507586121559143,
0.5921058654785156,
0.05440250039100647,
0.820560097694397,
0.9756405353546143,
0.01645417883992195,
0.00025825612829066813,
0.9100150465965271,
0.9470056295394897,
0.19990243017673492,
0.30108439922332764,
0.00011317174357827753,
0.01311887800693512,
0.02085365727543831,
0.0003324364370200783,
0.08676741272211075,
0.7675994634628296,
0.001218643388710916,
0.0330924428999424,
0.1836840659379959,
0.00028230229509063065,
0.23259669542312622,
0.22813467681407928,
0.6013222932815552,
0.001187912654131651,
0.7581638693809509,
0.15873587131500244,
0.9798826575279236,
2.734583631536225e-06,
0.6200636029243469,
0.04373680427670479,
3.670009027700871e-05,
0.4758243262767792,
0.1202394887804985,
0.27462509274482727,
0.06976485997438431,
0.10069853812456131,
0.9577354192733765,
2.0011548258480616e-06,
0.4932824969291687,
0.3809364438056946,
0.06103576347231865,
0.0012752998154610395,
0.03873772546648979,
0.029685016721487045,
0.6756572723388672,
0.12845630943775177,
0.001158704049885273,
0.14666150510311127,
0.026196736842393875,
0.4798801839351654,
0.15989375114440918,
0.006956060416996479,
0.15757739543914795,
0.040357671678066254,
0.4251447319984436,
0.05295613035559654,
0.36773762106895447,
0.16979879140853882,
0.5739964842796326,
0.011137382127344608,
0.2185797393321991,
0.00039841531543061137,
0.044221002608537674,
0.002197103574872017,
0.012423750944435596,
0.00030467991018667817,
0.01405829843133688,
0.07485058903694153,
0.364100843667984,
0.0021227672696113586,
0.8810855150222778,
0.0371038094162941,
0.6007415652275085,
4.117059143027291e-05,
0.8771078586578369,
0.5146996378898621,
0.005582634825259447,
0.004160837735980749,
0.10035070776939392,
0.09107697755098343,
0.004038066603243351,
0.1680634319782257,
0.7278894782066345,
0.32158905267715454,
0.9279152154922485,
0.9980354905128479,
0.00022930371051188558,
0.000385007297154516,
0.8750335574150085,
0.0009702069801278412,
0.8156015276908875,
0.8630869388580322,
0.8869605660438538,
0.8086088299751282,
0.04158466309309006,
0.0006397129618562758,
0.00012728333240374923,
0.06490436941385269,
0.0011849954025819898,
0.4757539629936218,
0.006010635755956173,
2.90919269900769e-05,
0.004142621997743845,
0.14738841354846954,
0.016142766922712326,
0.016094721853733063,
0.5189294815063477,
0.005085463635623455,
0.38374775648117065,
0.005929153878241777,
7.467118120985106e-05,
0.0231880322098732,
0.17906682193279266,
0.8603261709213257,
0.7342469096183777,
0.02777228131890297,
0.0004768356157001108,
0.024992957711219788,
8.755959242989775e-06,
0.8894914388656616,
0.983714759349823,
0.43287596106529236,
0.4147603213787079,
0.020837316289544106,
0.6633659601211548,
0.04892582818865776,
0.23170527815818787,
0.9792494177818298,
0.31484341621398926,
0.2998245358467102,
0.009123972617089748,
0.0009910406079143286,
0.01652539148926735,
0.8235874772071838,
0.007071918807923794,
0.14619559049606323,
0.14085568487644196,
0.0074115050956606865,
0.06582887470722198,
0.07744128257036209,
0.3342518210411072,
0.13712655007839203,
0.017451666295528412,
0.06544884294271469,
6.216077599674463e-05,
0.8201304078102112,
0.27403274178504944,
0.3407415747642517,
0.5983538031578064,
0.0011307512177154422,
0.0008252274128608406,
0.9312850832939148,
0.0002915931981988251,
0.005576733034104109,
0.031426962465047836,
0.995410144329071,
0.09378543496131897,
0.06013096123933792,
0.1683725118637085,
0.9843384623527527,
0.07914107292890549,
0.00045778954518027604,
0.0042317998595535755,
0.3470105528831482,
0.0248394887894392,
0.04641835764050484,
0.21081508696079254,
0.00033393007470294833,
0.007961285300552845,
0.0004351870738901198,
0.0007611328619532287,
0.157907634973526,
0.003972587175667286,
0.004822807852178812,
0.031375013291835785,
0.03885437920689583,
0.6604230403900146,
0.00010386193753220141,
0.5611606240272522,
0.3385445475578308,
0.04209044203162193,
0.08653295040130615,
7.953118620207533e-05,
0.8883270025253296,
0.002847287803888321,
0.6371812224388123,
0.023512184619903564,
0.0033182173501700163,
0.22246801853179932,
0.00011660957534331828,
0.4945966303348541,
0.3652541935443878,
0.00019555765902623534,
0.19027835130691528,
0.03790295869112015,
0.017972955480217934,
0.16226941347122192,
0.0025612188037484884,
0.9047439098358154,
0.998696506023407,
0.009957917965948582,
0.009851273149251938,
0.11572994291782379,
0.9182403087615967,
0.0039976658299565315,
0.05695692077279091,
0.0001119172084145248,
0.030405864119529724,
0.00039512006333097816,
0.003950027748942375,
0.05035361275076866,
0.05936894565820694,
0.04255843162536621,
0.3216056525707245,
0.17155231535434723,
0.015454400330781937,
0.0017179481219500303,
0.9850969910621643,
0.06193879246711731,
0.005176897626370192,
0.00895500835031271,
0.0009606611565686762,
0.011911934241652489,
0.001781643833965063,
0.04042138159275055,
0.25225186347961426,
0.05511350929737091,
0.5106667280197144,
0.4390702545642853,
0.999786913394928,
0.001752394950017333,
0.04597974568605423,
0.056463565677404404,
0.04791594296693802,
0.4635559618473053,
0.006887429393827915,
0.3141796886920929,
0.0029761309269815683,
0.9334337711334229,
0.39880698919296265,
0.022496014833450317,
0.7266333103179932,
0.086203932762146,
0.0003539198078215122,
0.13819777965545654,
0.020182622596621513,
0.0008314919541589916,
0.040136635303497314,
0.693084180355072,
0.9978274703025818,
0.24174919724464417,
0.00309926294721663,
0.04758772999048233,
0.9549022316932678,
0.9977918863296509,
0.3264603018760681,
0.314414381980896,
0.9941851496696472,
0.12014398723840714,
0.025334922596812248,
0.0482461154460907,
0.00013887717796023935,
0.05193120613694191,
0.00011406568955862895,
0.7091671228408813,
0.4554537534713745,
0.011559094302356243,
0.9918316006660461,
0.05148880183696747,
0.0021962057799100876,
0.0006797422538511455,
0.8077083826065063,
0.6033508777618408,
0.0004375650896690786,
0.04139639809727669,
0.914802074432373,
0.11797334253787994,
0.00019328901544213295,
0.09240739792585373,
0.9384454488754272,
0.0011826342670246959,
0.0452706404030323,
0.016425255686044693,
0.010549705475568771,
0.04553348198533058,
0.9159613847732544,
0.9968484044075012,
0.0009144408977590501,
9.851834329310805e-05,
1.1108404578408226e-05,
0.13184760510921478,
0.0024119075387716293,
4.995649942429736e-05,
0.144407257437706,
0.003101703245192766,
0.2009871006011963,
0.005347030702978373,
9.165290248347446e-05,
0.00014358582848217338,
0.09439566731452942,
0.707082986831665,
0.0016556920018047094,
0.9779004454612732,
0.000514404266141355,
0.7015137076377869,
0.998802900314331,
0.001785050262697041,
0.8252822756767273,
0.014871093444526196,
0.9168061017990112,
1.381241872877581e-05,
0.0009599279146641493,
8.66302871145308e-05,
0.12812218070030212,
0.1801505833864212,
0.08250658214092255,
0.0003444261965341866,
0.10640820115804672,
0.13488173484802246,
1.2843992408306804e-05,
0.00015986889775376767,
0.00011759818880818784,
0.0005647739744745195,
0.0034098834730684757,
0.581326425075531,
0.01795276440680027,
0.0030693544540554285,
0.7082430124282837,
0.9828965067863464,
0.9961369633674622,
0.8607234954833984,
0.7503200769424438,
0.1638917624950409,
0.06606542319059372,
0.11210940033197403,
0.44780799746513367,
0.053654611110687256,
0.3071950674057007,
0.5820203423500061,
0.07966342568397522,
0.28269749879837036,
0.19712895154953003,
0.008675026707351208,
0.0004778110596816987,
0.5636116862297058,
8.350246935151517e-05,
0.2649107277393341,
0.9236010313034058,
0.8543699979782104,
0.0035609446931630373,
0.21317097544670105,
0.9356135129928589,
0.9634368419647217,
1.2420628991094418e-05,
0.9803019165992737,
0.9931828379631042,
0.048898641020059586,
0.001811011228710413,
0.0008004963747225702,
0.00030105840414762497,
0.7470837831497192,
0.08844432979822159,
4.0071754483506083e-05,
0.03617464005947113,
0.0003094905405305326,
7.60243201511912e-05,
0.006567118223756552,
5.033096385886893e-05,
0.09045682102441788,
0.0010072019649669528,
0.0008226638310588896,
0.15656353533267975,
0.00010712976654758677,
0.6305745840072632,
0.07457513362169266,
0.22340039908885956,
0.0019849976524710655,
0.17976315319538116,
5.958099427516572e-05,
0.8873139023780823,
5.090221020509489e-05,
0.04931166023015976,
0.75005704164505,
0.01352457981556654,
0.019833439961075783,
0.4057811498641968,
0.0010698916157707572,
0.21420904994010925,
0.5660010576248169,
0.006945198867470026,
0.2011100798845291,
0.0006583320791833103,
0.09592589735984802,
0.257219523191452,
0.0006777081871405244,
0.9891263842582703,
0.0002548133197706193,
0.00026989035541191697,
0.00043283094419166446,
0.17830778658390045,
0.00045869615860283375,
0.00029746824293397367,
0.04871775954961777,
0.28890669345855713,
0.3052927851676941,
0.0007897386676631868,
0.0015435644891113043,
0.2094418853521347,
0.007281497586518526,
0.27187684178352356,
0.028295494616031647,
0.000799395318608731,
0.163691446185112,
0.0008493639761582017,
0.7218227982521057,
0.6314151883125305,
0.07812769711017609,
0.0001521802187198773,
0.0006797818350605667,
0.0019102526130154729,
0.0018267844570800662,
0.6066304445266724,
0.02255132421851158,
0.07894708216190338,
0.03987111151218414,
0.010473787784576416,
0.00012957604485563934,
0.03860054910182953,
0.11231700330972672,
0.011719153262674809,
0.06496108323335648,
0.34244778752326965,
0.43972742557525635,
0.05154357850551605,
0.15449489653110504,
0.002052363706752658,
0.21016615629196167,
0.09438779950141907,
0.00020188539929222316,
0.076764315366745,
0.1525793820619583,
0.15085965394973755,
0.00014102808199822903,
0.30587199330329895,
0.2861970067024231,
0.008804856799542904,
0.0023547462187707424,
0.17843127250671387,
0.00012933649122714996,
0.010380784049630165,
0.0008538882830180228,
0.0243455171585083,
0.03517619147896767,
0.10625547915697098,
0.00041273419628851116,
0.00035476373159326613,
0.002807839773595333,
0.05991761386394501,
0.001033941749483347,
0.004275777842849493,
0.0002365095861023292,
0.0018879964482039213,
0.90469890832901,
0.4052374064922333,
0.0017202747985720634,
0.40022939443588257,
0.01323393452912569,
0.0002271803969051689,
0.44222062826156616,
0.5215474963188171,
1.2893568964500446e-05,
0.004472150932997465,
0.25051242113113403,
0.029927216470241547,
0.05505586415529251,
0.1601952165365219,
0.057865772396326065,
0.0006067795911803842,
0.7839605212211609,
0.0003458624705672264,
0.00221205223351717,
0.9156345725059509,
0.31771746277809143,
0.3931066691875458,
0.1951574981212616,
0.006959547288715839,
0.457038551568985,
0.10890013724565506,
0.0025217251386493444,
0.0037898109294474125,
0.015582911670207977,
0.00018797149823512882,
0.002155944472178817,
0.5184155106544495,
0.6155712008476257,
0.10517886281013489,
0.004127920605242252,
0.9901261329650879,
0.8962910771369934,
0.8922350406646729,
0.004224717617034912,
0.013504797592759132,
7.733303209533915e-05,
7.682877912884578e-05,
0.5778766870498657,
0.005637011490762234,
0.096009761095047,
0.02493821270763874,
0.0015034601092338562,
0.001060108537785709,
0.009969710372388363,
0.0043656788766384125,
0.08612997829914093,
0.10903848707675934,
0.42377960681915283,
0.002202988136559725,
0.00020468072034418583,
0.13595016300678253,
0.022876178845763206,
0.03182254359126091,
0.062176235020160675,
0.013089124113321304,
0.9439664483070374,
0.7439256906509399,
0.15222203731536865,
0.06463729590177536,
0.1687113344669342,
0.2711564004421234,
0.00015377088857349008,
0.8143534064292908,
0.00012211881403345615,
0.013093559071421623,
0.014952927827835083,
5.681025140802376e-05,
0.9753246307373047,
0.9388275146484375,
0.16129620373249054,
0.00046090057003311813,
0.05593196302652359,
2.2344267563312314e-05,
1.6461621271446347e-05,
0.5764700174331665,
0.00033185520442202687,
0.9352292418479919,
0.01339588314294815,
0.008619816042482853,
0.027348075062036514,
0.001722677261568606,
0.039225347340106964,
0.10455335676670074,
0.16479046642780304,
0.11220283806324005,
0.00017035473138093948,
0.6440373063087463,
0.027612676844000816,
0.12318530678749084,
0.0038924377877265215,
0.000309754308545962,
0.016899242997169495,
0.0031588722486048937,
0.0014764152001589537,
0.3513873815536499,
0.01859191432595253,
0.0004779270093422383,
0.9973245859146118,
0.9611907005310059,
0.00011347508552717045,
0.0002967235923279077,
0.12123608589172363,
0.5135539174079895,
0.0512210987508297,
0.5278254747390747,
0.0002893684431910515,
0.09390383958816528,
0.2528337836265564,
0.06756532192230225,
0.08079022914171219,
0.010180165059864521,
0.7263426780700684,
0.9175346493721008,
3.208735506632365e-05,
0.011117237620055676,
0.040998425334692,
0.01906808838248253,
0.00047922428348101676,
0.2907899022102356,
0.0010413655545562506,
0.7305446863174438,
0.07501963526010513,
8.514037290296983e-06,
0.19507290422916412,
0.00274853827431798,
0.4587044417858124,
6.48732966510579e-05,
0.7274404168128967,
0.3752725422382355,
0.010038413107395172,
0.9972098469734192,
0.990371584892273,
0.0016499155899509788,
0.05716301500797272,
0.6854634881019592,
0.43094587326049805,
0.052654169499874115,
0.25149136781692505,
0.1498287469148636,
0.019146189093589783,
0.5793940424919128,
0.07891717553138733,
0.12084347754716873,
0.007606316823512316,
0.12413416057825089,
0.3780360519886017,
0.1288815587759018,
0.033685363829135895,
0.004061323124915361,
0.08603625744581223,
5.215013152337633e-05,
6.0712478443747386e-05,
0.026687433943152428,
0.05158312991261482,
0.9840933084487915,
0.005265419837087393,
0.37116941809654236,
0.0017651041271165013,
0.0009586746455170214,
0.3087788224220276,
0.014424984343349934,
0.020274540409445763,
0.189411461353302,
0.06506882607936859,
0.0004950774018652737,
0.040068186819553375,
0.016948308795690536,
0.11061529070138931,
0.00014445374836213887,
0.4927688539028168,
0.04488854110240936,
0.6836982369422913,
0.05462971329689026,
0.5197136402130127,
2.5441531761316583e-05,
0.18186570703983307,
0.02590106427669525,
0.004752394277602434,
0.3421696126461029,
0.05271957442164421,
0.009310523979365826,
0.2768568992614746,
0.4038466811180115,
0.03807126730680466,
0.12346301972866058,
0.00011061887926189229,
8.271823026007041e-05,
0.41215795278549194,
0.00554300844669342,
0.221011683344841,
0.0009274825570173562,
0.13028131425380707,
0.00012103815242880955,
0.013632535934448242,
0.7740132808685303,
0.0006854023667983711,
0.45605310797691345,
0.01238591130822897,
0.008575301617383957,
0.0019907427486032248,
0.05366038531064987,
0.3425911068916321,
0.001134594902396202,
0.7430339455604553,
0.5022626519203186,
0.00021064523025415838,
0.9608803987503052,
0.9210981726646423,
0.29259783029556274,
0.6819429397583008,
0.6690548658370972,
0.19999374449253082,
0.1162395104765892,
0.3641754388809204,
0.00012620292545761913,
0.1835716962814331,
0.00011667826038319618,
0.0016719282139092684,
0.6159815788269043,
0.0003628366393968463,
0.4491351544857025,
0.004527750425040722,
0.11586975306272507,
0.24245208501815796,
0.11402681469917297,
0.0011460339883342385,
0.0277964286506176,
2.5565585019649006e-05,
0.3896608054637909,
0.761652410030365,
0.0037497077137231827,
0.12543165683746338,
0.022405702620744705,
0.08656144142150879,
0.8920764327049255,
0.00682798121124506,
0.008599155582487583,
0.021629607304930687,
0.00014943564019631594,
0.8888931274414062,
0.011129258200526237,
0.0009383475407958031,
0.00022680980328004807,
2.7245334877079586e-06,
0.9508436322212219,
0.2122151404619217,
0.00019321363652125,
2.7669799237628467e-05,
0.0005524185835383832,
0.0011735777370631695,
0.0014684118796139956,
0.037961944937705994,
0.000666414387524128,
0.0004098104254808277,
0.00022562457888852805,
6.450304226746084e-06,
0.004121236968785524,
Average confidence per step:
0.005287450272589922,
0.005139749962836504,
0.00548699963837862,
0.005266284570097923,
0.00536787323653698,
0.005391409620642662,
0.005355419125407934,
0.005363513249903917,
0.005398021545261145,
0.005413555074483156,
0.005446914117783308,
0.00547756627202034,
0.005369150545448065,
0.005535762291401625,
0.005335469730198383,
0.005329478997737169,
0.0053164041601121426,
0.005217688158154488,
0.005388232413679361,
0.005518793594092131,
0.00545813562348485,
0.005489122122526169,
0.005369462072849274,
0.005226652603596449,
0.005160871893167496,
0.00513245165348053,
0.005086652468889952,
0.005154051352292299,
0.005235335323959589,
0.005945560522377491,
0.005751773249357939,
0.005259671248495579,
0.005295359063893557,
0.005360790062695742,
0.005389795638620853,
0.005268692504614592,
0.005357515066862106,
0.00527876615524292,
0.005304235033690929,
0.005452159326523542,
0.005418960936367512,
0.005214511416852474,
0.005209373310208321,
0.0051988642662763596,
0.00520742405205965,
0.005273350980132818,
0.005295624025166035,
0.005260870326310396,
0.005213198717683554,
0.005376661196351051,
0.005214449483901262,
0.005313728004693985,
0.0052018421702086926,
0.005241599399596453,
0.005230665672570467,
0.005311146844178438,
0.005326762329787016,
0.0052172779105603695,
0.005143029615283012,
0.005139100831001997,
0.005141142290085554,
0.005210681818425655,
0.005217833910137415,
0.005135228391736746,
0.005145648028701544,
0.005105651915073395,
0.005141677800565958,
0.0051986840553581715,
0.005237206816673279,
0.005108119919896126,
0.005107655189931393,
0.00508461520075798,
0.005115380045026541,
0.005116114392876625,
0.005100265145301819,
0.005101129412651062,
0.005619892384856939,
0.005276607349514961,
0.008686339482665062,
0.007732109632343054,
0.007771019823849201,
0.008163856342434883,
0.008045627735555172,
0.007572971750050783,
0.0071794637478888035,
0.006767172832041979,
0.006380052771419287,
0.00608508987352252,
0.005659210495650768,
0.0052825636230409145,
0.005116524174809456,
0.005060882773250341,
0.004976596217602491,
0.005033735651522875,
0.004972293972969055,
0.004939579870551825,
0.004935851786285639,
0.004968061577528715,
0.004947445821017027,
0.004970604088157415,
0.005064438562840223,
0.00540075171738863,
0.005309366621077061,
0.005535493139177561,
0.005049450322985649,
0.005021190270781517,
0.005507048685103655,
0.005062989424914122,
0.005104622803628445,
0.005079088732600212,
0.005481081549078226,
0.004974803421646357,
0.004979107063263655,
0.00496995635330677,
0.005083801224827766,
0.005491187795996666,
0.00551432091742754,
0.0053059132769703865,
0.005217505618929863,
0.005030406638979912,
0.0051100184209644794,
0.0050122556276619434,
0.00509460037574172,
0.005430613644421101,
0.005006834398955107,
0.005018047988414764,
0.0050827981904149055,
0.005132655147463083,
0.005104719195514917,
0.005151802208274603,
0.005119584500789642,
0.005128383170813322,
0.005157078616321087,
0.005240642931312323,
0.005096600390970707,
0.005137434229254723,
0.005161087028682232,
0.0051725320518016815,
0.0052705868147313595,
0.005157751496881247,
0.005146116483956575,
0.005192546173930168,
0.005480765365064144,
0.005372514482587576,
0.0050940741784870625,
0.005144625902175903,
0.005213707219809294,
0.005122069735080004,
0.005123279523104429,
0.005157891660928726,
0.005248324479907751,
0.006084199994802475,
0.005542685743421316,
0.005177657585591078,
0.005168647039681673,
0.005160583183169365,
0.005150610581040382,
0.005241250153630972,
0.005142653360962868,
0.005206177942454815,
0.00569808017462492,
0.0064028166234493256,
0.006024762988090515,
0.0056478120386600494,
0.005137165077030659,
0.0052014500834047794,
0.0053282431326806545,
0.005201764404773712,
0.0052030752412974834,
0.005142343696206808,
0.005171297583729029,
0.005150823853909969,
0.005114715546369553,
0.0050834850408136845,
0.00514522660523653,
0.005065668374300003,
0.005078597459942102,
0.00508500449359417,
0.005099250469356775,
0.005106920842081308,
0.005152219440788031,
0.005258067976683378,
0.005126555450260639,
0.005408804398030043,
0.005162753630429506,
0.005158459767699242,
0.0051076533272862434,
0.00510807242244482,
0.005143933463841677,
0.0056429700925946236,
0.005124806426465511,
0.00512961158528924,
0.005111600272357464,
0.005099695175886154,
0.005103673320263624,
0.0050927321426570415,
0.005092621315270662,
0.005237357225269079,
0.005254080053418875,
0.00515007646754384,
0.005167641211301088,
0.005156659986823797,
0.0051815141923725605,
0.0051512992940843105,
0.005154998507350683,
0.005122465547174215,
0.005342679098248482,
0.005164775997400284,
0.005176634062081575,
0.005301862023770809,
0.005362160969525576,
0.005363037809729576,
0.005372623912990093,
0.005714793223887682,
0.006601052824407816,
0.005998747888952494,
0.005444751586765051,
0.005223016254603863,
0.005157920531928539,
0.005223605781793594,
0.005234041251242161,
0.0052278731018304825,
0.005626749712973833,
0.005559300538152456,
0.005344197619706392,
0.005361789371818304,
0.005236780270934105,
0.005255956202745438,
0.005327509716153145,
0.005639316979795694,
0.005352129228413105,
0.0054279533214867115,
0.005379856564104557,
0.00543337594717741,
0.005388527177274227,
0.0053586773574352264,
0.005343906581401825,
0.005397002212703228,
0.005585455801337957,
0.005391872022300959,
0.0059008472599089146,
0.005731203127652407,
0.005380197428166866,
0.005405870266258717,
0.0059411171823740005,
0.005398485343903303,
0.0057536400854587555,
0.005422067828476429,
0.0053496817126870155,
0.005402985028922558,
0.005620343144983053,
0.005445488262921572,
0.0053616976365447044,
0.005342953372746706,
0.005392659455537796,
0.005393273662775755,
0.005304752849042416,
0.005268624983727932,
0.005272904876619577,
0.005480541847646236,
0.005756291560828686,
0.005284381564706564,
0.006346180569380522,
0.005849846638739109,
0.005296339746564627,
0.005278678610920906,
0.005711101461201906,
0.005471137817949057,
0.005268413107842207,
0.005288877058774233,
0.005303502082824707,
0.005337084643542767,
0.005357921589165926,
0.00537005765363574,
0.005763338878750801,
0.005374080967158079,
0.005356365814805031,
0.005447001662105322,
0.00535827549174428,
0.006513705011457205,
0.005929227452725172,
0.0053533706814050674,
0.0054199062287807465,
0.00566475884988904,
0.006057716440409422,
0.0054993522353470325,
0.005467731039971113,
0.006101712118834257,
0.005589272361248732,
0.005640172865241766,
0.005532972048968077,
0.005981306545436382,
0.005602424032986164,
0.0065126377157866955,
0.006004465743899345,
0.005421692505478859,
0.005365034565329552,
0.005849944893270731,
0.005289219319820404,
0.005481550935655832,
0.005730554927140474,
0.005282482132315636,
0.005703714210540056,
0.005308523308485746,
0.00531023507937789,
0.005389321129769087,
0.00565188517794013,
0.005406087264418602,
0.005339161958545446,
0.005317449104040861,
0.00527726486325264,
0.005485723726451397,
0.00566724082455039,
0.005353360436856747,
0.005480180494487286,
0.005700108595192432,
0.005547574255615473,
0.005883984267711639,
0.005505952052772045,
0.005614779889583588,
0.005545513704419136,
0.0060350289568305016,
0.0057241045869886875,
0.006081830244511366,
0.005516950972378254,
0.005599921569228172,
0.0055506122298538685,
0.00553530640900135,
0.006131468340754509,
0.005696697626262903,
0.005553066730499268,
0.005585208535194397,
0.005798262543976307,
0.0056684305891394615,
0.005542426835745573,
0.005941181443631649,
0.00553069869056344,
0.0054995338432490826,
0.005897992756217718,
0.005629020743072033,
0.005497482605278492,
0.006547981407493353,
0.006053321994841099,
0.005467659793794155,
0.00658407574519515,
0.006071737036108971,
0.005485068075358868,
0.005862897261977196,
0.005460490006953478,
0.005481502041220665,
0.005486686248332262,
0.005501909647136927,
0.005850291345268488,
0.00699907261878252,
0.006647069472819567,
0.006055820733308792,
0.005843816325068474,
0.005499208811670542,
0.005552765913307667,
0.005572204478085041,
0.0055562336929142475,
0.005696610081940889,
0.005993479862809181,
0.006121173035353422,
0.005634679924696684,
0.005612896755337715,
0.0054339016787707806,
0.0054275705479085445,
0.005949690937995911,
0.005462841130793095,
0.005666430573910475,
0.005598350428044796,
0.0056719654239714146,
0.0055263773538172245,
0.00548398494720459,
0.0054934355430305,
0.005774391815066338,
0.005498566664755344,
0.005692069884389639,
0.006120922509580851,
0.005565445404499769,
0.005535527132451534,
0.005505440291017294,
0.005528654437512159,
0.005515445489436388,
0.005544835235923529,
0.005590294022113085,
0.005558943375945091,
0.006283819675445557,
0.00609260518103838,
0.005513674579560757,
0.005484646186232567,
0.005564968567341566,
0.005737388972193003,
0.005545503925532103,
0.005698677152395248,
0.005609325133264065,
0.005518786609172821,
0.005567809566855431,
0.005530643276870251,
0.00592925027012825,
0.005821435712277889,
0.005472375545650721,
0.005741318687796593,
0.005513852462172508,
0.006311552599072456,
0.00576005270704627,
0.005802312400192022,
0.005480292718857527,
0.005526368506252766,
0.005585195031017065,
0.005719441920518875,
0.005637241527438164,
0.006048925686627626,
0.00548997288569808,
0.005403891671448946,
0.0059633092023432255,
0.005503832828253508,
0.005453817080706358,
0.005877859424799681,
0.005498623475432396,
0.005520409904420376,
0.006169870961457491,
0.005582696758210659,
0.005508171394467354,
0.005457734223455191,
0.005759569816291332,
0.005656853783875704,
0.005440771579742432,
0.005401274189352989,
0.005414415616542101,
0.0058827027678489685,
0.005533355288207531,
0.0054027484729886055,
0.005403858609497547,
0.005402027629315853,
0.005440534558147192,
0.005818365607410669,
0.00559138972312212,
0.0056333462707698345,
0.005410755518823862,
0.005407456774264574,
0.00542150903493166,
0.005427259020507336,
0.005425446201115847,
0.005417016334831715,
0.005454814527183771,
0.005848961416631937,
0.005447496194392443,
0.00605654064565897,
0.005548545159399509,
0.005438694264739752,
0.0054917060770094395,
0.00584264425560832,
0.005408237222582102,
0.005394651088863611,
0.005738876760005951,
0.005647912155836821,
0.005381021648645401,
0.005977202206850052,
0.005564158782362938,
0.005386154167354107,
0.00540314894169569,
0.005405802745372057,
0.005436769220978022,
0.005562803242355585,
0.005577335599809885,
0.005576387047767639,
0.005372532643377781,
0.00547416415065527,
0.0054032327607274055,
0.0055272551253438,
0.005486207082867622,
0.005713083781301975,
0.0054814983159303665,
0.005482970271259546,
0.00580848241224885,
0.005775704979896545,
0.00581807317212224,
0.005855926778167486,
0.005437022540718317,
0.0057267905212938786,
0.005985475145280361,
0.005461540073156357,
0.005401782225817442,
0.005357933696359396,
0.005360699724406004,
0.005405162926763296,
0.0055020577274262905,
0.005440081935375929,
0.006774377077817917,
0.006191043183207512,
0.0054754819720983505,
0.005765073467046022,
0.005447677336633205,
0.005384811200201511,
0.00631243921816349,
0.0060083684511482716,
0.005435700062662363,
0.006000065710395575,
0.0053867800161242485,
0.006227198522537947,
0.00599251314997673,
0.00533083314076066,
0.005319193936884403,
0.005333419423550367,
0.005582372657954693,
0.005926720332354307,
0.005354211200028658,
0.005755366757512093,
0.00581177556887269,
0.00556045351549983,
0.005398863460868597,
0.005327819846570492,
0.005346216261386871,
0.005460847169160843,
0.006003492046147585,
0.005939348600804806,
0.00584572646766901,
0.00544111430644989,
0.006098833866417408,
0.005895980168133974,
0.005867163650691509,
0.0066445316188037395,
0.0061251320876181126,
0.006603609770536423,
0.009091519750654697,
0.008838370442390442,
0.008670784533023834,
0.008287008851766586,
0.007688367273658514,
0.007322036661207676,
0.00667601078748703,
0.006028096191585064,
0.005374692380428314,
0.00540377851575613,
0.005395620595663786,
0.005553779657930136,
0.005388868041336536,
0.005648733116686344,
0.005552383605390787,
0.005393276922404766,
0.005579275079071522,
0.0053994860500097275,
0.005445133429020643,
0.005466478876769543,
0.005451006814837456,
0.005432479083538055,
0.006167231127619743,
0.005639120936393738,
0.00538015877828002,
0.0053779855370521545,
0.005795257166028023,
0.005489790346473455,
0.005470174830406904,
0.005446586757898331,
0.0058625261299312115,
0.0062278578989207745,
0.005560816265642643,
0.005847205873578787,
0.005609298124909401,
0.005451388191431761,
0.00673119630664587,
0.006109302397817373,
0.0054384563118219376,
0.0054525514133274555,
0.0060996683314442635,
0.005434144288301468,
0.005704582203179598,
0.005775845143944025,
0.005460035987198353,
0.006064625922590494,
0.005447001196444035,
0.006068664137274027,
0.005438926164060831,
0.006117614917457104,
0.005457958672195673,
0.005421824753284454,
0.005468481220304966,
0.005414280109107494,
0.005408024415373802,
0.005570342298597097,
0.005556195508688688,
0.006109347101300955,
0.005443633534014225,
0.005433985497802496,
0.005624175537377596,
0.006215380039066076,
0.005612852051854134,
0.00545325456187129,
0.0056600249372422695,
0.005454888567328453,
0.005453363060951233,
0.006502009462565184,
0.005761665292084217,
0.005473680328577757,
0.005507513415068388,
0.005828765220940113,
0.007781170774251223,
0.007118926849216223,
0.006417344324290752,
0.006428259424865246,
0.005596084985882044,
0.005427877884358168,
0.005433450918644667,
0.005476005375385284,
0.00540911266580224,
0.0055750636383891106,
0.005432294216006994,
0.006773604545742273,
0.006088037975132465,
0.005398504436016083,
0.00546861719340086,
0.005403552670031786,
0.006535605061799288,
0.006066599860787392,
0.0053684646263718605,
0.005418333690613508,
0.0053880964405834675,
0.005424254108220339,
0.005452227313071489,
0.005461124703288078,
0.005471141543239355,
0.005538810044527054,
0.005469183437526226,
0.005492779426276684,
0.0054461415857076645,
0.0054549179039895535,
0.005989497061818838,
0.0058124433271586895,
0.00552664278075099,
0.005477347411215305,
0.005465277004987001,
0.005473199766129255,
0.00584065355360508,
0.005514216609299183,
0.0055612134747207165,
0.005488258320838213,
0.0057944427244365215,
0.006062575150281191,
0.005524219945073128,
0.005529527552425861,
0.0055059813894331455,
0.0059065562672913074,
0.005522843450307846,
0.006152704823762178,
0.005657880567014217,
0.005502705462276936,
0.005901729688048363,
0.005615734960883856,
0.0055445111356675625,
0.0055253030732274055,
0.0055426969192922115,
0.005547106731683016,
0.005571610294282436,
0.005539793986827135,
0.005571253132075071,
0.005583218298852444,
0.005566454026848078,
0.005814496893435717,
0.005649553146213293,
0.00584646500647068,
0.005741858389228582,
0.005725467577576637,
0.005611483473330736,
0.005557557567954063,
0.005553909577429295,
0.005691498517990112,
0.0056391223333776,
0.005781481042504311,
0.005529275629669428,
0.005600886885076761,
0.005538413766771555,
0.0055452268570661545,
0.0055069467052817345,
0.006190132815390825,
0.006239940878003836,
0.0055182031355798244,
0.005543050356209278,
0.005632911343127489,
0.00567146809771657,
0.005658344365656376,
0.005530676804482937,
0.005542696453630924,
0.005575140472501516,
0.005657433066517115,
0.005938197951763868,
0.005746496841311455,
0.005700854118913412,
0.0058807870373129845,
0.005516757722944021,
0.005495474673807621,
0.005509260110557079,
0.005951920058578253,
0.006211782339960337,
0.005782776046544313,
0.005478537175804377,
0.005711182951927185,
0.005440304987132549,
0.005474358331412077,
0.0054885889403522015,
0.005486947949975729,
0.0058136191219091415,
0.005510683171451092,
0.005565094295889139,
0.0055472697131335735,
0.005906848702579737,
0.005731513723731041,
0.00578684825450182,
0.005625413730740547,
0.005681307520717382,
0.005533212795853615,
0.005520842038094997,
0.005807516630738974,
0.005552026443183422,
0.005646154750138521,
0.0055444263853132725,
0.005526615306735039,
0.005557212978601456,
0.007282528560608625,
0.00656940508633852,
0.005790899507701397,
0.005613347049802542,
0.00666943471878767,
0.006318868603557348,
0.0055731479078531265,
0.00573459779843688,
0.006064850836992264,
0.005750080104917288,
0.005968863144516945,
0.005606114864349365,
0.005632529966533184,
0.006065912079066038,
0.006420517805963755,
0.0056624459102749825,
0.005663301795721054,
0.005782212596386671,
0.005644991062581539,
0.0056378100998699665,
0.0056272041983902454,
0.005938142538070679,
0.005603634752333164,
0.005582877900451422,
0.005597427953034639,
0.005581677425652742,
0.00579494796693325,
0.005615110509097576,
0.005688356701284647,
0.005665747914463282,
0.005733839236199856,
0.006511116400361061,
0.005753073841333389,
0.005873499903827906,
0.006006510462611914,
0.0063142357394099236,
0.0058614579029381275,
0.005682579707354307,
0.0056259362027049065,
0.005589326377958059,
0.005962616764008999,
0.0055887456983327866,
0.0061883823946118355,
0.005547801032662392,
0.005895694252103567,
0.005709149409085512,
0.005593893583863974,
0.005601254291832447,
0.005606199614703655,
0.0063929809257388115,
0.00589663814753294,
0.00744195282459259,
0.0067023723386228085,
0.005921304691582918,
0.0055803218856453896,
0.005604289006441832,
0.006030245218425989,
0.0059174480848014355,
0.005793632473796606,
0.005675731226801872,
0.005599435418844223,
0.00571448402479291,
0.005651443265378475,
0.005562976002693176,
0.00573569955304265,
0.005858725402504206,
0.005799879319965839,
0.0057522887364029884,
0.005741733592003584,
0.005756824277341366,
0.005565954837948084,
0.005787834990769625,
0.005894587375223637,
0.005604915786534548,
0.00566182192414999,
0.005616484675556421,
0.007182661443948746,
0.006387087516486645,
0.005592500790953636,
0.005724246148020029,
0.006854860577732325,
0.0060868700966238976,
0.005569647066295147,
0.0055764722637832165,
0.00640696007758379,
0.00709890341386199,
0.006345146335661411,
0.005560738034546375,
0.005680093541741371,
0.0061770156025886536,
0.005579157266765833,
0.005602607037872076,
0.0062942043878138065,
0.005610355641692877,
0.0056461733765900135,
0.0063760471530258656,
0.005677624139934778,
0.005686403252184391,
0.006554296240210533,
0.005810856353491545,
0.005983288865536451,
0.006284997332841158,
0.006113396491855383,
0.007397979032248259,
0.006610377691686153,
0.0058008767664432526,
0.005566792096942663,
0.005904814228415489,
0.00594499334692955,
0.006279406603425741,
0.005811643786728382,
0.006394635885953903,
0.005714066326618195,
0.006453922018408775,
0.005660184193402529,
0.006070478819310665,
0.005687705706804991,
0.00593195715919137,
0.005863755475729704,
0.005876576527953148,
0.006673505064100027,
0.006494387984275818,
0.005686120595782995,
0.005755487829446793,
0.0077650039456784725,
0.006948966067284346,
0.006437629461288452,
0.0057500917464494705,
0.006207308266311884,
0.007356824818998575,
0.006610250100493431,
0.006167399697005749,
0.006586800329387188,
0.005750441458076239,
0.005631688050925732,
0.005628061946481466,
0.006386592052876949,
0.005793343763798475,
0.006566818803548813,
0.006074876524507999,
0.005666553042829037,
0.006727785337716341,
0.0063956668600440025,
0.005845041014254093,
0.005729382392019033,
0.005696548148989677,
0.005767649970948696,
0.005725065711885691,
0.006531897000968456,
0.005729256197810173,
0.005751866847276688,
0.006569667719304562,
0.0057778749614953995,
0.005923896096646786,
0.006444423925131559,
0.00671579921618104,
0.00617528660222888,
0.005865090060979128,
0.005810916889458895,
0.006480931770056486,
0.005638043396174908,
0.005635038949549198,
0.0056484355591237545,
0.005609943997114897,
0.0057564182206988335,
0.005689952988177538,
0.006607641465961933,
0.005826625041663647,
0.005662595387548208,
0.007457328028976917,
0.007039280608296394,
0.006131691858172417,
0.006551378406584263,
0.00568757439032197,
0.006299440748989582,
0.00568265188485384,
0.006080620922148228,
0.005963809788227081,
0.005768424831330776,
0.0056553790345788,
0.005964155308902264,
0.005804440006613731,
0.00578300142660737,
0.005825662519782782,
0.006563505623489618,
0.006622776389122009,
0.006386883556842804,
0.006501236464828253,
0.00595788424834609,
0.005674244370311499,
0.005860072560608387,
0.005718514323234558,
0.0058264341205358505,
0.00580385560169816,
0.005901215597987175,
0.0057022450491786,
0.005722615867853165,
0.005725424271076918,
0.005735449958592653,
0.005821972619742155,
0.005827874876558781,
0.00617956044152379,
0.005737517960369587,
0.005873856134712696,
0.005994310136884451,
0.005761002190411091,
0.005744073074311018,
0.005913462024182081,
0.00606475118547678,
0.006147598382085562,
0.005837530829012394,
0.00722073158249259,
0.00671761017292738,
0.005998546723276377,
0.006797210779041052,
0.005918167065829039,
0.005758517887443304,
0.006175792310386896,
0.0057507893070578575,
0.006578221917152405,
0.006608190480619669,
0.0059019410982728004,
0.005677356850355864,
0.005856117233633995,
0.005863620433956385,
0.0066029662266373634,
0.005703367758542299,
0.006146256811916828,
0.005771293304860592,
0.0060920510441064835,
0.00636673578992486,
0.006028894800692797,
0.0057596322149038315,
0.0063319457694888115,
0.006050218362361193,
0.0057786693796515465,
0.006078669801354408,
0.005800703074783087,
0.005870687775313854,
0.007033304311335087,
0.006139769218862057,
0.006036364007741213,
0.006302062422037125,
0.0057915919460356236,
0.0057236081920564175,
0.005734410602599382,
0.005735785234719515,
0.00580975878983736,
0.005758764687925577,
0.005793051794171333,
0.00579419918358326,
0.005740606226027012,
0.005830005742609501,
0.006276677828282118,
0.0056671504862606525,
0.00567961297929287,
0.005738610401749611,
0.00576381292194128,
0.005875733681023121,
0.005755534395575523,
0.0057444460690021515,
0.005744763650000095,
0.0057294913567602634,
0.006023003254085779,
0.006960098631680012,
0.0075090983882546425,
0.006616965401917696,
0.009184276685118675,
0.008770009502768517,
0.007829123176634312,
0.006891174241900444,
0.005925541743636131,
0.006156189367175102,
0.005898196715861559,
0.0056793889962136745,
0.005669761914759874,
0.006324668414890766,
0.005835880991071463,
0.005846279673278332,
0.006346754729747772,
0.005665392614901066,
0.005703809671103954,
0.005689061246812344,
0.006603737827390432,
0.005675024818629026,
0.005659379065036774,
0.005682901479303837,
0.005882257129997015,
0.005873293615877628,
0.005714021623134613,
0.0063718156889081,
0.0062395501881837845,
0.005783623084425926,
0.0058068810030817986,
0.00606705853715539,
0.005941626150161028,
0.005789013579487801,
0.005840967409312725,
0.006429245695471764,
0.005890632513910532,
0.005893885623663664,
0.006057053804397583,
0.005751379299908876,
0.005811132490634918,
0.005836452357470989,
0.005753460340201855,
0.005781885702162981,
0.00579323573037982,
0.005805910564959049,
0.005791379138827324,
0.005839790683239698,
0.006300849374383688,
0.005818812642246485,
0.005793145392090082,
0.0058593288995325565,
0.006642316933721304,
0.00577363558113575,
0.005778147839009762,
0.00578232342377305,
0.006899348925799131,
0.006555800326168537,
0.005821377970278263,
0.006201144307851791,
0.0061085219494998455,
0.005820093676447868,
0.005845540668815374,
0.005813200026750565,
0.005808334331959486,
0.005917371716350317,
0.006022204179316759,
0.00581883080303669,
0.005873418413102627,
0.006388877518475056,
0.005826576612889767,
0.005843846593052149,
0.005872820038348436,
0.006005622446537018,
0.006111838389188051,
0.00605238089337945,
0.0059504639357328415,
0.005908828228712082,
0.005981808062642813,
0.005852243397384882,
0.0059845526702702045,
0.0059086899273097515,
0.005994583945721388,
0.006987924687564373,
0.006009717006236315,
0.006292516831308603,
0.005858920980244875,
0.005854364018887281,
0.005838658194988966,
0.006570565979927778,
0.006230500992387533,
0.005846506915986538,
0.005873167887330055,
0.005840548314154148,
0.005855631083250046,
0.006034901365637779,
0.005842479411512613,
0.0060935430228710175,
0.006379556842148304,
0.006221282761543989,
0.005973064806312323,
0.006281334441155195,
0.006664752494543791,
0.0060875131748616695,
0.0060662198811769485,
0.005916618276387453,
0.005914031062275171,
0.005933117121458054,
0.005923907272517681,
0.006902804132550955,
0.005933745298534632,
0.00593134481459856,
0.005916693713515997,
0.0059342109598219395,
0.0070095364935696125,
0.0060416474007070065,
0.005967988632619381,
0.00620192801579833,
0.006484911777079105,
0.005965016316622496,
0.006600664462894201,
0.006001821719110012,
0.006812457460910082,
0.005910750012844801,
0.007650576997548342,
0.007090277038514614,
0.006077058147639036,
0.006129720713943243,
0.007820893079042435,
0.006861663423478603,
0.0059886802919209,
0.005946260876953602,
0.005930203013122082,
0.005962895229458809,
0.005935286171734333,
0.0059301843866705894,
0.00592605909332633,
0.005924399476498365,
0.005884554702788591,
0.006352935452014208,
0.006109073758125305,
0.0060392399318516254,
0.005914521869271994,
0.005870241206139326,
0.007409377954900265,
0.007006723899394274,
0.0061027780175209045,
0.006124755833297968,
0.005863911937922239,
0.005882601253688335,
0.005958349443972111,
0.005864555947482586,
0.005975225009024143,
0.00597557844594121,
0.005891676992177963,
0.0061014867387712,
0.005869964137673378,
0.007303266786038876,
0.006277062464505434,
0.006127508822828531,
0.005914370063692331,
0.005898892879486084,
0.005871318280696869,
0.005849990528076887,
0.005863857455551624,
0.0058877719566226006,
0.005941253155469894,
0.005928316619247198,
0.005934129003435373,
0.005973994731903076,
0.00594111206009984,
0.005987667478621006,
0.00594613142311573,
0.006695509422570467,
0.005945386830717325,
0.006348513998091221,
0.0062885829247534275,
0.005929239559918642,
0.005916466470807791,
0.006595263257622719,
0.0061808074824512005,
0.006164221558719873,
0.005933301988989115,
0.006903324741870165,
0.006012221332639456,
0.00583777017891407,
0.006030798424035311,
0.006857716478407383,
0.005910789594054222,
0.005821806378662586,
0.005832067225128412,
0.006244866643100977,
0.006467142608016729,
0.006243506912142038,
0.005903217941522598,
0.005826306063681841,
0.005816005636006594,
0.005832113325595856,
0.006010621786117554,
0.005972868297249079,
0.006229881662875414,
0.0062989103607833385,
0.006157875061035156,
0.006024701986461878,
0.006999577395617962,
0.0062050288543105125,
0.005983226466923952,
0.006113783922046423,
0.006034951191395521,
0.005970445461571217,
0.007326423656195402,
0.006239314563572407,
0.006107745226472616,
0.006674481090158224,
0.0060605742037296295,
0.006188226863741875,
0.007339460775256157,
0.006427114363759756,
0.006227241363376379,
0.005946892313659191,
0.005960606969892979,
0.006853277329355478,
0.0059372540563344955,
0.005942057352513075,
0.0059769912622869015,
0.006846162490546703,
0.006123350001871586,
0.0060193827375769615,
0.005981827154755592,
0.00597984716296196,
0.005999064538627863,
0.005960300099104643,
0.006181206554174423,
0.006826543714851141,
0.006097453646361828,
0.006118818186223507,
0.006028930190950632,
0.007985432632267475,
0.007553942501544952,
0.006345042027533054,
0.00620168074965477,
0.006071282085031271,
0.006270458456128836,
0.006055097095668316,
0.008522164076566696,
0.0073147485964000225,
0.006095787510275841,
0.006214712280780077,
0.006150750443339348,
0.006132243666797876,
0.006384281907230616,
0.006081988103687763,
0.00612615654245019,
0.006218867376446724,
0.00619986979290843,
0.007127648219466209,
0.00620245048776269,
0.006104863248765469,
0.0061806924641132355,
0.0066881910897791386,
0.0065393163822591305,
0.006505825091153383,
0.00645745825022459,
0.006064208224415779,
0.006096108816564083,
0.006899412255734205,
0.006115055177360773,
0.0064574615098536015,
0.006248322781175375,
0.006602682173252106,
0.006415211595594883,
0.0075054047629237175,
0.007549667730927467,
0.006331880111247301,
0.006600337103009224,
0.008657682687044144,
0.007401258684694767,
0.006152004469186068,
0.006158869247883558,
0.006164309568703175,
0.008020016364753246,
0.007194189820438623,
0.0059450785629451275,
0.005965875461697578,
0.005912669934332371,
0.005935437977313995,
0.005946692544966936,
0.0060523757711052895,
0.006140393670648336,
0.00667350459843874,
0.006147740874439478,
0.006147913169115782,
0.008583403192460537,
0.007302240468561649,
0.006016008090227842,
0.006140416953712702,
0.005979257635772228,
0.0060160220600664616,
0.005936797708272934,
0.006041335873305798,
0.00608442910015583,
0.006174278445541859,
0.00597971910610795,
0.006019254680722952,
0.006355017889291048,
0.0059434594586491585,
0.005957874469459057,
0.007448194082826376,
0.0073364051058888435,
0.006071678828448057,
0.0074170492589473724,
0.006627017632126808,
0.006231005769222975,
0.007765104994177818,
0.006542740855365992,
0.006223883014172316,
0.006274153478443623,
0.006213986314833164,
0.006867148447781801,
0.007523254957050085,
0.00618723826482892,
0.0061059677973389626,
0.006234555039554834,
0.007950848899781704,
0.006920231506228447,
0.006380411330610514,
0.007540642283856869,
0.007133211474865675,
0.006285649258643389,
0.007886621169745922,
0.007589297369122505,
0.006248764228075743,
0.006956991273909807,
0.006049313582479954,
0.006412850227206945,
0.006154695525765419,
0.006801290903240442,
0.008050666190683842,
0.0065885973162949085,
0.006934687960892916,
0.006104219704866409,
0.006840793881565332,
0.006930207833647728,
0.006255872081965208,
0.008086243644356728,
0.0075585003942251205,
0.006206345744431019,
0.006593605969101191,
0.008675746619701385,
0.0077728088945150375,
0.0065401773899793625,
0.006644554436206818,
0.006182501092553139,
0.006335295736789703,
0.006358086597174406,
0.006411127280443907,
0.006644036620855331,
0.00733367633074522,
0.006257716100662947,
0.006452970672398806,
0.006532418541610241,
0.00634385459125042,
0.007431847974658012,
0.006660780403763056,
0.007287090644240379,
0.006310321390628815,
0.008364333771169186,
0.0065011833794415,
0.007620467338711023,
0.0062308600172400475,
0.007146012037992477,
0.006300244014710188,
0.006217051763087511,
0.006925403140485287,
0.006394817028194666,
0.006753410212695599,
0.00644669821485877,
0.00656833965331316,
0.007760933134704828,
0.006361018866300583,
0.007658463437110186,
0.006832619663327932,
0.006272399798035622,
0.006210352294147015,
0.0062575628980994225,
0.0063926707953214645,
0.007273179478943348,
0.006387539207935333,
0.006219477858394384,
0.006460827309638262,
0.006418343633413315,
0.007098188158124685,
0.006382089573889971,
0.0061932774260640144,
0.00638522207736969,
0.006259726360440254,
0.007040944881737232,
0.0065260776318609715,
0.006992157548666,
0.0065962462686002254,
0.006982838269323111,
0.006101458333432674,
0.006458871532231569,
0.0065076821483671665,
0.006188366562128067,
0.006201109848916531,
0.006214249413460493,
0.006213605869561434,
0.0064290245063602924,
0.006801689509302378,
0.007095801178365946,
0.006674617994576693,
0.008151555433869362,
0.007032441906630993,
0.007016418967396021,
0.006103972904384136,
0.008092939853668213,
0.00684598321095109,
0.00602861400693655,
0.0060254307463765144,
0.006195077206939459,
0.006060243584215641,
0.005873213056474924,
0.006499997805804014,
0.007693134713917971,
0.006852548569440842,
0.008312552236020565,
0.007599495351314545,
0.006051210220903158,
0.006513962522149086,
0.00729637173935771,
0.006022037472575903,
0.00828374270349741,
0.008924582041800022,
0.007804908324033022,
0.007239106576889753,
0.005966349504888058,
0.0058986409567296505,
0.00590537628158927,
0.005973535124212503,
0.005815601442009211,
0.00661306781694293,
0.0059039052575826645,
0.005875043570995331,
0.005954486317932606,
0.005983312148600817,
0.005828103516250849,
0.005817437078803778,
0.0066319298930466175,
0.005796047393232584,
0.006400526966899633,
0.0058495826087892056,
0.006043868139386177,
0.006299154367297888,
0.006535641383379698,
0.008051355369389057,
0.006817796733230352,
0.005625121295452118,
0.005589945241808891,
0.00569919403642416,
0.005798494443297386,
0.009013941511511803,
0.008363943547010422,
0.006579844746738672,
0.006453699432313442,
0.005911364685744047,
0.006902152672410011,
0.005818827077746391,
0.006438867188990116,
0.008255335502326488,
0.0064497352577745914,
0.006225468125194311,
0.005775380879640579,
0.005765074398368597,
0.005975276231765747,
0.007244516629725695,
0.005874204449355602,
0.00626274524256587,
0.006130431778728962,
0.005911864340305328,
0.006057881284505129,
0.006128423381596804,
0.006526617333292961,
0.006098608020693064,
0.005870387423783541,
0.0060205901972949505,
0.005968374200165272,
0.007843253202736378,
0.0067628840915858746,
0.006729697808623314,
0.0068475911393761635,
0.005831352900713682,
0.005881042685359716,
0.007528950925916433,
0.005907775834202766,
0.006013177335262299,
0.005988463759422302,
0.007719883695244789,
0.005993315950036049,
0.006161668337881565,
0.0063223023898899555,
0.007660106290131807,
0.005976246669888496,
0.005889192223548889,
0.005921781063079834,
0.006544501520693302,
0.005946252029389143,
0.0060877022333443165,
0.006288987118750811,
0.005926891695708036,
0.005905281286686659,
0.005899662151932716,
0.005871989764273167,
0.006171045359224081,
0.005903482437133789,
0.0059084054082632065,
0.005979881156235933,
0.006005776114761829,
0.007387467660009861,
0.0063643385656178,
0.0074902307242155075,
0.0065171686001122,
0.005928086582571268,
0.005907371640205383,
0.005785773973912001,
0.0074088056571781635,
0.005766700021922588,
0.006940518971532583,
0.005774074234068394,
0.005916517227888107,
0.006283450871706009,
0.006601050030440092,
0.007517277263104916,
0.0063414000906050205,
0.005662895739078522,
0.006005627103149891,
0.005750462878495455,
0.005731786135584116,
0.005940979812294245,
0.005646807141602039,
0.009055884554982185,
0.007563217543065548,
0.005686792079359293,
0.0057157063856720924,
0.006111133377999067,
0.007432606536895037,
0.005701837129890919,
0.005815962795168161,
0.005792293697595596,
0.005940084811300039,
0.005887417122721672,
0.005859712138772011,
0.006304997019469738,
0.006534268613904715,
0.006596943363547325,
0.00684019410982728,
0.006197175942361355,
0.005858523305505514,
0.005861078854650259,
0.007805997040122747,
0.005856995936483145,
0.005751377437263727,
0.005766476970165968,
0.005748864263296127,
0.005754722747951746,
0.005761695560067892,
0.006141227204352617,
0.006532321684062481,
0.006093590520322323,
0.007656517904251814,
0.007071873638778925,
0.007653172127902508,
0.005637529771775007,
0.0059470986016094685,
0.005816577933728695,
0.005780283361673355,
0.006486906670033932,
0.0055666170082986355,
0.006185517180711031,
0.005543535575270653,
0.007714456878602505,
0.006312154233455658,
0.0063136243261396885,
0.006941292900592089,
0.005626367870718241,
0.005481739528477192,
0.005779675208032131,
0.005540453363209963,
0.005643946584314108,
0.0056804390624165535,
0.008337429724633694,
0.007967326790094376,
0.005909272935241461,
0.005387831479310989,
0.005619000177830458,
0.009333898313343525,
0.008301431313157082,
0.0062143849208951,
0.006435764953494072,
0.007796308491379023,
0.005747408140450716,
0.005476661957800388,
0.0055164131335914135,
0.005421964917331934,
0.005450132768601179,
0.005473521072417498,
0.007151875179260969,
0.006445853505283594,
0.005689116194844246,
0.007373453117907047,
0.005161589477211237,
0.005083844065666199,
0.005571924615651369,
0.008192767389118671,
0.006362580694258213,
0.005035100970417261,
0.007352094631642103,
0.007252352312207222,
0.005296281073242426,
0.005055578891187906,
0.005504395347088575,
0.0071669770404696465,
0.005070459563285112,
0.005225935950875282,
0.005149561911821365,
0.005160392262041569,
0.005184966139495373,
0.008548431098461151,
0.007566924672573805,
0.0052833231166005135,
0.00534707959741354,
0.0057013072073459625,
0.0060182358138263226,
0.005737454630434513,
0.005741088651120663,
0.006207545753568411,
0.005884138401597738,
0.006205931305885315,
0.00601104786619544,
0.006368355825543404,
0.0062172552570700645,
0.006517268717288971,
0.007884322665631771,
0.006237849593162537,
0.008477918803691864,
0.0061931791715323925,
0.009699864313006401,
0.009322895668447018,
0.006650721654295921,
0.00844576582312584,
0.006495270412415266,
0.00828722957521677,
0.0061086080968379974,
0.006046462804079056,
0.006076643709093332,
0.006446436978876591,
0.00650625117123127,
0.006031624972820282,
0.006016830448061228,
0.006041267886757851,
0.005942933261394501,
0.005609656684100628,
0.005567068699747324,
0.0055635105818510056,
0.005552996415644884,
0.005509403999894857,
0.00711524672806263,
0.005791064351797104,
0.005741025321185589,
0.014088706113398075,
0.015321452170610428,
0.013132895343005657,
0.010722332634031773,
0.00873144343495369,
0.006796821020543575,
0.0072561390697956085,
0.008592049591243267,
0.008436411619186401,
0.007116956636309624,
0.007480981294065714,
0.008323043584823608,
0.006679101847112179,
0.006651526782661676,
0.005878297612071037,
0.0053802612237632275,
0.0054189544171094894,
0.0069651417434215546,
0.0055503807961940765,
0.006466912105679512,
0.012441539205610752,
0.00932005699723959,
0.006726123858243227,
0.00639067217707634,
0.010310993529856205,
0.00804225355386734,
0.005457778461277485,
0.010775045491755009,
0.008174496702849865,
0.00548824155703187,
0.0053717936389148235,
0.005388545338064432,
0.005391021259129047,
0.0075754583813250065,
0.0056732757948338985,
0.005548203829675913,
0.005720303859561682,
0.0055533964186906815,
0.005564844701439142,
0.005618439055979252,
0.005590321496129036,
0.00586025370284915,
0.005603592377156019,
0.005681105423718691,
0.006198995281010866,
0.0057091983035206795,
0.007732918485999107,
0.006380815990269184,
0.006471273023635149,
0.005874122492969036,
0.006431581452488899,
0.005947992205619812,
0.008572056889533997,
0.006011967081576586,
0.006234672386199236,
0.00834796391427517,
0.006213797256350517,
0.006355970166623592,
0.007280414924025536,
0.006138649769127369,
0.006991550326347351,
0.007470103912055492,
0.005795323755592108,
0.006628087721765041,
0.006096703931689262,
0.006484652869403362,
0.006967966444790363,
0.006201500538736582,
0.009212732315063477,
0.006215273402631283,
0.006110853515565395,
0.006016963627189398,
0.006536813918501139,
0.00603545131161809,
0.006030188407748938,
0.006291316822171211,
0.007191155105829239,
0.006968608591705561,
0.006049004383385181,
0.006245392374694347,
0.006785514764487743,
0.006318366155028343,
0.007222222629934549,
0.00642152177169919,
0.006360855419188738,
0.006940669845789671,
0.006497712805867195,
0.010691150091588497,
0.008706149645149708,
0.006336653605103493,
0.006140536163002253,
0.006133111659437418,
0.006626537069678307,
0.006294993218034506,
0.008250718005001545,
0.006421701982617378,
0.006523112766444683,
0.006353161297738552,
0.006284442730247974,
0.006432761903852224,
0.006631218828260899,
0.00670085521414876,
0.00632590102031827,
0.006583094596862793,
0.007511746603995562,
0.007595472037792206,
0.006195485591888428,
0.006704104132950306,
0.006217943504452705,
0.007104926742613316,
0.006442687939852476,
0.006204443518072367,
0.0072080944664776325,
0.006901488173753023,
0.006777538452297449,
0.006328609772026539,
0.007514555472880602,
0.007260150741785765,
0.00633385730907321,
0.006429568398743868,
0.00671740947291255,
0.006144869141280651,
0.006143786478787661,
0.006148482672870159,
0.006255856715142727,
0.006673949770629406,
0.006459621712565422,
0.006149676162749529,
0.006273466162383556,
0.00633821077644825,
0.0064560226164758205,
0.006347259506583214,
0.006295057013630867,
0.006265356205403805,
0.006484202109277248,
0.011161875911056995,
0.0077810753136873245,
0.006321985740214586,
0.007873808033764362,
0.006412059534341097,
0.006680718623101711,
0.009836602956056595,
0.008849418722093105,
0.0068620555102825165,
0.007214656565338373,
0.007362812291830778,
0.006627716589719057,
0.006548555567860603,
0.007123144343495369,
0.006470782682299614,
0.006316841579973698,
0.009511183016002178,
0.006503065582364798,
0.0064612519927322865,
0.010919109918177128,
0.008071152493357658,
0.008470218628644943,
0.0072130779735744,
0.0062814815901219845,
0.008164462633430958,
0.006619027350097895,
0.006396278273314238,
0.006552320905029774,
0.006585147697478533,
0.0067990003153681755,
0.007035039830952883,
0.009975901804864407,
0.009429045021533966,
0.006955248769372702,
0.006985234562307596,
0.017459994181990623,
0.013522360473871231,
0.010436232201755047,
0.006527140270918608,
0.006707339081913233,
0.006757525727152824,
0.0066602835431694984,
0.009346911683678627,
0.006711370777338743,
0.007122909650206566,
0.006734468974173069,
0.006728536449372768,
0.00661310413852334,
0.00662130955606699,
0.006587185896933079,
0.007024947088211775,
0.006697817239910364,
0.008168386295437813,
0.006176164839416742,
0.006196449510753155,
0.006817652843892574,
0.006382003426551819,
0.006837126798927784,
0.006773460190743208,
0.007069545332342386,
0.01430455781519413,
0.010742342099547386,
0.007068494334816933,
0.006773229688405991,
0.007665249984711409,
0.007805523928254843,
0.006403460167348385,
0.010364660061895847,
0.006175402086228132,
0.006222961004823446,
0.006349317729473114,
0.006563769653439522,
0.016421742737293243,
0.01197359524667263,
0.007261059246957302,
0.006532647181302309,
0.006598666310310364,
0.0066463942639529705,
0.0066602034494280815,
0.009954371489584446,
0.006446554325520992,
0.011808149516582489,
0.006601057946681976,
0.006396911572664976,
0.006553302519023418,
0.006444093305617571,
0.006993691902607679,
0.007145043928176165,
0.007482749875634909,
0.007019774056971073,
0.006677465513348579,
0.010193953290581703,
0.006481972988694906,
0.006919712759554386,
0.006278139539062977,
0.006270380225032568,
0.006302527617663145,
0.006298556458204985,
0.006491243839263916,
0.008538494817912579,
0.006366364657878876,
0.006593973841518164,
0.018228741362690926,
0.012535248883068562,
0.006547173485159874,
0.0065767220221459866,
0.007568321190774441,
0.009693234227597713,
0.006451919674873352,
0.009480096399784088,
0.006044069770723581,
0.0064473203383386135,
0.007637164555490017,
0.006767431274056435,
0.00672998046502471,
0.0065500494092702866,
0.012425604276359081,
0.012789934873580933,
0.006548411212861538,
0.007004983723163605,
0.007178237661719322,
0.007341093849390745,
0.0074882167391479015,
0.009639902971684933,
0.00939222052693367,
0.013097422197461128,
0.007835333235561848,
0.00913839042186737,
0.00905702356249094,
0.008831560611724854,
0.010363681241869926,
0.00684610940515995,
0.014339402318000793,
0.009841329418122768,
0.007242352701723576,
0.02550523541867733,
0.017411284148693085,
0.009313701651990414,
0.01815403439104557,
0.01620212197303772,
0.011556657962501049,
0.008016727864742279,
0.00997560191899538,
0.008723713457584381,
0.007800801191478968,
0.012462679296731949,
0.008139153942465782,
0.007853895425796509,
0.00762954680249095,
0.008534500375390053,
0.011411072686314583,
0.007862015627324581,
0.006814288906753063,
0.007004790939390659,
0.0073514049872756,
0.009796482510864735,
0.0065146079286932945,
0.006155507173389196,
0.006910230033099651,
0.015454469248652458,
0.00595054542645812,
0.0094822458922863,
0.006724163424223661,
0.007443460635840893,
0.009531797841191292,
0.006997308693826199,
0.007907784543931484,
0.009234936907887459,
0.007064789067953825,
0.006628474686294794,
0.006748691666871309,
0.006720876321196556,
0.0077166068367660046,
0.0066970293410122395,
0.014537185430526733,
0.010347261093556881,
0.014946364797651768,
0.007328676991164684,
0.012514602392911911,
0.006403876468539238,
0.008989047259092331,
0.00749511644244194,
0.010022672824561596,
0.011275719851255417,
0.007142962422221899,
0.010802011005580425,
0.01471706759184599,
0.013451744802296162,
0.008066019043326378,
0.007893042638897896,
0.006285671144723892,
0.006861597765237093,
0.01251179538667202,
0.006854912731796503,
0.011373728513717651,
0.008033422753214836,
0.00877034105360508,
0.006728251930326223,
0.00752593856304884,
0.019268082454800606,
0.006893170531839132,
0.013891983777284622,
0.006713078357279301,
0.008540521375834942,
0.008397223427891731,
0.010148013941943645,
0.012881271541118622,
0.00726967491209507,
0.02624727226793766,
0.015816599130630493,
0.006576410960406065,
0.05682330206036568,
0.03787987306714058,
0.01875273883342743,
0.026989229023456573,
0.021741388365626335,
0.009571089409291744,
0.008035807870328426,
0.01349375769495964,
0.005187745671719313,
0.009927974082529545,
0.005641541443765163,
0.006215706467628479,
0.02212248370051384,
0.00670583313331008,
0.018506420776247978,
0.007388439495116472,
0.010263626463711262,
0.01599978283047676,
0.009690132923424244,
0.00649164617061615,
0.007777952589094639,
0.008088246919214725,
0.022972412407398224,
0.033925559371709824,
0.006744456011801958,
0.011511758901178837,
0.0070409649051725864,
0.009427283890545368,
0.04303548485040665,
0.004498189315199852,
0.004322078078985214,
0.004034100566059351,
0.0031090944539755583,
0.052652712911367416,
0.0035265309270471334,
0.0030062287114560604,
0.003142966888844967,
0.003405494149774313,
0.08856362849473953,
0.02158842422068119,
0.00425775395706296,
0.004439312033355236,
0.004904762841761112,
0.005587796680629253,
0.005921046249568462,
0.0066746012307703495,
0.00041879044147208333,
0.0004482352524064481,
0.00046758982352912426,
0.0005934893270023167,
0.004121236968785524,
